0.000000 0.000000 0.000000 0.000000 0.000000
0.000000 0.000000 0.000000 0.000000 0.000000
0.000000 0.000000 0.000000 0.000000 0.000000
0.000000 0.000000 0.000000 0.000000 0.000000
0.000000 0.000000 0.000000 0.000000 0.000000
0.000000 0.000000 0.000000 0.000000 0.000000
0.000000 0.000000 0.000000 0.000000 0.000000
0.000000 0.000000 0.000000 0.000000 0.000000
0.000000 0.000000 0.000000 0.000000 0.000000
0.000000 0.000000 0.000000 0.000000 0.000000
0.000000 0.000000 0.000000 0.000000 0.000000
0.000000 0.000000 0.000000 0.000000 0.000000
0.000000 0.000000 0.000000 0.000000 0.000000
0.000000 0.000000 0.000000 0.000000 0.000000
0.000000 0.000000 0.000000 0.000000 0.000000
0.000000 0.000000 0.000000 0.000000 0.000000
0.000000 0.000000 0.000000 0.000000 0.000000
0.000000 0.000000 0.000000 0.000000 0.000000
0.000000 0.000000 0.000000 0.000000 0.000000
0.000000 0.000000 0.000000 0.000000 0.000000
0.000000 0.000000 0.000000 0.000000 0.000000
0.000000 0.000000 0.000000 0.000000 0.000000
0.000000 0.000000 0.000000 0.000000 0.000000
0.000000 0.000000 0.000000 0.000000 0.000000
0.000000 0.000000 0.000000 0.000000 0.000000
0.000000 0.000000 0.000000 0.000000 0.000000
0.000000 0.000000 0.000000 0.000000 0.000000
0.000000 0.000000 0.000000 0.000000 0.000000
0.000000 0.000000 0.000000 0.000000 0.000000
0.000000 0.000000 0.000000 0.000000 0.000000
0.000000 0.000000 0.000000 0.000000 0.000000
0.000000 0.000000 0.000000 0.000000 0.000000
0.000000 0.000000 0.000000 0.000000 0.000000
0.000000 0.000000 0.000000 0.000000 0.000000
0.000000 0.000000 0.000000 0.000000 0.000000
0.000000 0.000000 0.000000 0.000000 0.000000
0.000000 0.000000 0.000000 0.000000 0.000000
0.000000 0.000000 0.000000 0.000000 0.000000
0.000000 0.000000 0.000000 0.000000 0.000000
0.000000 0.000000 0.000000 0.000000 0.000000
0.000000 0.000000 0.000000 0.000000 0.000000
0.000000 0.000000 0.000000 0.000000 0.000000
0.000000 0.000000 0.000000 0.000000 0.000000
0.000000 0.000000 0.000000 0.000000 0.000000
0.000000 0.000000 0.000000 0.000000 0.000000
0.000000 0.000000 0.000000 0.000000 0.000000
0.000000 0.000000 0.000000 0.000000 0.000000
0.000000 0.000000 0.000000 0.000000 0.000000
0.000000 0.000000 0.000000 0.000000 0.000000
0.000000 0.000000 0.000000 0.000000 0.000000
0.000000 0.000000 0.000000 0.000000 0.000000
0.000000 0.000000 0.000000 0.000000 0.000000
0.000000 0.000000 0.000000 0.000000 0.000000
0.000000 0.000000 0.000000 0.000000 0.000000
0.000000 0.000000 0.000000 0.000000 0.000000
0.000000 0.000000 0.000000 0.000000 0.000000
0.000000 0.000000 0.000000 0.000000 0.000000
0.000000 0.000000 0.000000 0.000000 0.000000
0.000000 0.000000 0.000000 0.000000 0.000000
0.000000 0.000000 0.000000 0.000000 0.000000
0.000000 0.000000 0.000000 0.000000 0.000000
0.000000 0.000000 0.000000 0.000000 0.000000
0.000000 0.000000 0.000000 0.000000 0.000000
0.000000 0.000000 0.000000 0.000000 0.000000
0.000000 0.000000 0.000000 0.000000 0.000000
0.000000 0.000000 0.000000 0.000000 0.000000
0.000000 0.000000 0.000000 0.000000 0.000000
0.000000 0.000000 0.000000 0.000000 0.000000
0.000000 0.000000 0.000000 0.000000 0.000000
0.000000 0.000000 0.000000 0.000000 0.000000
0.000000 0.000000 0.000000 0.000000 0.000000
0.000000 0.000000 0.000000 0.000000 0.000000
0.000000 0.000000 0.000000 0.000000 0.000000
0.000000 0.000000 0.000000 0.000000 0.000000
0.000000 0.000000 0.000000 0.000000 0.000000
0.000000 0.000000 0.000000 0.000000 0.000000
0.000000 0.000000 0.000000 0.000000 0.000000
0.000000 0.000000 0.000000 0.000000 0.000000
0.000000 0.000000 0.000000 0.000000 0.000000
0.000000 0.000000 0.000000 0.000000 0.000000
0.000000 0.000000 0.000000 0.000000 0.000000
0.000000 0.000000 0.000000 0.000000 0.000000
0.000000 0.000000 0.000000 0.000000 0.000000
0.000000 0.000000 0.000000 0.000000 0.000000
0.000000 0.000000 0.000000 0.000000 0.000000
0.000000 0.000000 0.000000 0.000000 0.000000
0.000000 0.000000 0.000000 0.000000 0.000000
0.000000 0.000000 0.000000 0.000000 0.000000
0.000000 0.000000 0.000000 0.000000 0.000000
0.000000 0.000000 0.000000 0.000000 0.000000
0.000000 0.000000 0.000000 0.000000 0.000000
0.000000 0.000000 0.000000 0.000000 0.000000
0.000000 0.000000 0.000000 0.000000 0.000000
0.000000 0.000000 0.000000 0.000000 0.000000
0.000000 0.000000 0.000000 0.000000 0.000000
0.000000 0.000000 0.000000 0.000000 0.000000
0.000000 0.000000 0.000000 0.000000 0.000000
0.000180 0.000000 0.001408 0.001666 0.000000
0.000536 0.000000 0.004203 0.004973 0.000000
0.002599 0.000712 0.034798 0.000000 0.000000
0.006122 0.001080 0.054601 0.000000 0.000000
0.006364 0.000000 0.032452 0.000000 0.000000
0.000595 0.000000 0.003183 0.000000 0.000726
0.000000 0.000000 0.000000 0.000000 0.000000
0.000000 0.000000 0.000000 0.000000 0.000000
0.000000 0.000000 0.000000 0.000000 0.000000
0.000000 0.000000 0.000000 0.000000 0.000000
0.000000 0.000000 0.000000 0.000000 0.000000
0.000000 0.000000 0.000000 0.000000 0.000000
0.000000 0.000000 0.000000 0.000000 0.000000
0.000000 0.000000 0.000000 0.000000 0.000000
0.000000 0.000000 0.000000 0.000000 0.000000
0.000000 0.000000 0.000000 0.000000 0.000000
0.000000 0.000000 0.000000 0.000000 0.000000
0.000000 0.000000 0.000000 0.000000 0.000000
0.000000 0.000000 0.000000 0.000000 0.000000
0.000000 0.000000 0.000000 0.000000 0.000000
0.000000 0.000000 0.000000 0.000000 0.000000
0.000000 0.000000 0.000000 0.000000 0.000000
0.000000 0.000000 0.018950 0.000094 0.000000
0.000000 0.000000 0.056403 0.000279 0.000000
0.000000 0.000000 0.029428 0.000146 0.000000
0.000000 0.000000 0.002006 0.000010 0.000000
0.000000 0.000000 0.001442 0.015952 0.000233
0.000000 0.000000 0.005451 0.078062 0.001643
0.000000 0.000000 0.002684 0.093369 0.000000
0.037445 0.001829 0.000000 0.068854 0.000000
0.078598 0.000553 0.020167 0.005414 0.000000
0.072601 0.000000 0.060851 0.000000 0.011582
0.028742 0.000000 0.079447 0.000000 0.064441
0.000000 0.000000 0.026629 0.000000 0.082352
0.000000 0.001951 0.030397 0.001149 0.045748
0.000000 0.024685 0.000000 0.001376 0.012971
0.000537 0.059187 0.000000 0.000000 0.000000
0.000409 0.041325 0.000000 0.000000 0.000000
0.000000 0.001361 0.000000 0.000000 0.000000
0.000000 0.000000 0.000000 0.000000 0.000000
0.000000 0.000000 0.000000 0.000000 0.000000
0.000000 0.000000 0.000000 0.000000 0.000000
0.000000 0.000000 0.000000 0.000000 0.000000
0.000000 0.000000 0.000000 0.000000 0.000000
0.000000 0.000000 0.000000 0.000000 0.000000
0.000000 0.000000 0.000000 0.000000 0.000000
0.000000 0.000000 0.000000 0.000000 0.000000
0.000000 0.000000 0.000000 0.000000 0.000000
0.000000 0.000000 0.000000 0.000000 0.000000
0.000000 0.000000 0.018281 0.000090 0.000000
0.000000 0.000000 0.053728 0.000266 0.000000
0.000000 0.000000 0.055957 0.000277 0.000000
0.000000 0.000000 0.055957 0.000277 0.000000
0.000000 0.000000 0.027637 0.000425 0.000000
0.000000 0.000000 0.000920 0.024752 0.000806
0.000000 0.000000 0.000000 0.112679 0.002929
0.004246 0.000000 0.000000 0.146191 0.000000
0.065942 0.004138 0.000000 0.099911 0.000000
0.142788 0.004377 0.014139 0.008247 0.000000
0.127244 0.000000 0.060532 0.000000 0.033165
0.048081 0.000000 0.121374 0.000000 0.109475
0.000000 0.000000 0.045920 0.000000 0.133070
0.000000 0.058359 0.031699 0.003665 0.097865
0.000000 0.133062 0.000000 0.002253 0.025288
0.000000 0.117883 0.000000 0.000000 0.000000
0.002554 0.071961 0.000000 0.000000 0.000000
0.001879 0.023275 0.000000 0.000000 0.000000
0.000309 0.003307 0.000000 0.000000 0.000000
0.000000 0.000000 0.000000 0.000000 0.000000
0.000000 0.000861 0.000000 0.000278 0.000611
0.000000 0.000000 0.000000 0.000000 0.000000
0.000000 0.000000 0.000000 0.000000 0.000000
0.000000 0.000000 0.000000 0.000000 0.000000
0.000000 0.000000 0.000000 0.000000 0.000000
0.000000 0.000000 0.000000 0.000000 0.000000
0.000000 0.000000 0.000000 0.000000 0.000000
0.000000 0.000000 0.000000 0.000000 0.000000
0.000000 0.000000 0.039014 0.000193 0.000000
0.000000 0.000000 0.055957 0.000277 0.000000
0.000000 0.000000 0.055957 0.000277 0.000000
0.000000 0.000000 0.055957 0.000277 0.000000
0.000000 0.000000 0.056226 0.002171 0.000000
0.000000 0.000000 0.031017 0.033180 0.000000
0.000000 0.000000 0.000000 0.117740 0.001448
0.000000 0.000000 0.000000 0.166260 0.000000
0.092977 0.005195 0.000000 0.120732 0.000000
0.160850 0.004141 0.039968 0.011622 0.000000
0.135259 0.000000 0.087528 0.000000 0.069571
0.049278 0.000000 0.100913 0.000000 0.135170
0.000000 0.017566 0.055320 0.000000 0.142180
0.000000 0.111092 0.028602 0.003929 0.092726
0.000000 0.152170 0.000000 0.001703 0.023263
0.000019 0.128012 0.000000 0.000000 0.000000
0.001976 0.052794 0.000000 0.000000 0.000000
0.001725 0.019260 0.000000 0.000000 0.000000
0.000206 0.002205 0.000000 0.000000 0.000000
0.000000 0.000000 0.000000 0.000000 0.000000
0.000000 0.000000 0.000000 0.000000 0.000000
0.000000 0.000000 0.000000 0.000000 0.000000
0.000000 0.000000 0.000000 0.000000 0.000000
0.000000 0.000000 0.000000 0.000000 0.000000
0.000000 0.000000 0.000000 0.000000 0.000000
0.000000 0.000000 0.000000 0.000000 0.000000
0.000000 0.000000 0.000000 0.000000 0.000000
0.000000 0.000000 0.000000 0.000000 0.000000
0.000000 0.000000 0.002898 0.000014 0.000000
0.000000 0.000000 0.045479 0.000225 0.000000
0.000000 0.000000 0.055957 0.000277 0.000000
0.000000 0.000000 0.057563 0.002178 0.000000
0.000000 0.000000 0.061150 0.006422 0.000000
0.000000 0.000000 0.059999 0.031138 0.000000
0.000000 0.000000 0.023266 0.123184 0.001066
0.006825 0.000000 0.005804 0.165420 0.000000
0.105396 0.008668 0.025945 0.119315 0.000000
0.167428 0.000000 0.031772 0.012581 0.016859
0.127199 0.000000 0.072059 0.000000 0.105735
0.032886 0.000000 0.044718 0.000000 0.152689
0.000000 0.066646 0.055374 0.000000 0.131732
0.000000 0.145736 0.032822 0.000914 0.071817
0.000000 0.165038 0.022073 0.000000 0.002989
0.002916 0.111932 0.032271 0.000000 0.000000
0.002227 0.035359 0.009852 0.000000 0.000000
0.000947 0.010476 0.000000 0.000000 0.000000
0.000000 0.000000 0.000000 0.000000 0.000000
0.000000 0.000000 0.000000 0.000000 0.000000
0.000000 0.000000 0.000000 0.000000 0.000000
0.000000 0.000000 0.000000 0.000000 0.000000
0.000000 0.000000 0.000000 0.000000 0.000000
0.000000 0.000000 0.000000 0.000000 0.000000
0.000000 0.000000 0.000000 0.000000 0.000000
0.000000 0.000000 0.000000 0.000000 0.000000
0.000000 0.000000 0.000000 0.000000 0.000000
0.000000 0.000000 0.000000 0.000000 0.000000
0.000000 0.000000 0.000000 0.000000 0.000000
0.000000 0.000000 0.008695 0.000043 0.000000
0.000000 0.000000 0.055957 0.000277 0.000000
0.000000 0.000000 0.059962 0.005016 0.000000
0.000000 0.000000 0.061998 0.006816 0.000000
0.000000 0.000000 0.079963 0.025261 0.000000
0.000000 0.000000 0.073853 0.113819 0.000000
0.011064 0.000207 0.058136 0.161777 0.000000
0.122652 0.000724 0.030422 0.123525 0.000000
0.170533 0.000000 0.016842 0.024034 0.052942
0.112028 0.000000 0.040979 0.000000 0.134265
0.012875 0.046211 0.045700 0.000000 0.151667
0.000000 0.124147 0.059479 0.000000 0.106864
0.000000 0.166699 0.032586 0.000000 0.029029
0.001251 0.124602 0.030499 0.000000 0.000000
0.002672 0.050913 0.027228 0.000000 0.000000
0.001126 0.013849 0.015761 0.000000 0.000000
0.000000 0.000000 0.000000 0.000000 0.000000
0.000000 0.000000 0.000000 0.000000 0.000000
0.000000 0.000000 0.000000 0.000000 0.000000
0.000000 0.000000 0.000000 0.000000 0.000000
0.000000 0.000000 0.000000 0.000000 0.000000
0.000000 0.000000 0.000000 0.000000 0.000000
0.000000 0.000000 0.000000 0.000000 0.000000
0.000000 0.000000 0.000000 0.000000 0.000000
0.000000 0.000000 0.000000 0.000000 0.000000
0.000000 0.000000 0.000000 0.000000 0.000000
0.000000 0.000000 0.000000 0.000000 0.000000
0.000000 0.000000 0.000000 0.000000 0.000000
0.000000 0.000000 0.003344 0.000017 0.000000
0.000000 0.000000 0.034555 0.000171 0.000000
0.000000 0.000035 0.066327 0.003201 0.000000
0.000000 0.004722 0.096595 0.003256 0.000000
0.000000 0.003751 0.103192 0.017893 0.000000
0.000000 0.000000 0.127610 0.100182 0.000000
0.012767 0.000000 0.100141 0.165647 0.000000
0.131614 0.000000 0.000000 0.133567 0.009222
0.161841 0.000000 0.000000 0.034969 0.089916
0.096904 0.027637 0.029280 0.000000 0.146978
0.000000 0.096998 0.062039 0.000000 0.132449
0.000000 0.153695 0.059954 0.000000 0.072382
0.000000 0.146374 0.032933 0.000000 0.003605
0.004499 0.076671 0.020714 0.000000 0.000000
0.000681 0.007640 0.000858 0.000000 0.000000
0.000029 0.000315 0.000000 0.000000 0.000000
0.000000 0.000000 0.000000 0.000000 0.000000
0.000000 0.000000 0.000000 0.000000 0.000000
0.000000 0.000000 0.000000 0.000000 0.000000
0.000000 0.000000 0.000000 0.000000 0.000000
0.000000 0.000000 0.000000 0.000000 0.000000
0.000000 0.000000 0.000000 0.000000 0.000000
0.000000 0.000000 0.000000 0.000000 0.000000
0.000000 0.000000 0.000000 0.000000 0.000000
0.000000 0.000000 0.000000 0.000000 0.000000
0.000000 0.000000 0.000000 0.000000 0.000000
0.000000 0.000000 0.000000 0.000000 0.000000
0.000000 0.000000 0.000000 0.000000 0.000000
0.000005 0.000058 0.000316 0.000000 0.000000
0.000000 0.004123 0.026251 0.000000 0.000000
0.000000 0.006595 0.074378 0.000000 0.000000
0.000000 0.006382 0.096207 0.000000 0.000000
0.000000 0.002439 0.112740 0.014257 0.000000
0.000000 0.000000 0.131271 0.089935 0.000000
0.023970 0.000000 0.083475 0.162366 0.000000
0.139935 0.000000 0.005643 0.134856 0.049175
0.147883 0.026027 0.000000 0.047209 0.121006
0.085296 0.078875 0.038300 0.000000 0.140405
0.000000 0.142962 0.080993 0.000000 0.104098
0.000000 0.152803 0.054442 0.000000 0.033961
0.003450 0.088108 0.029947 0.000000 0.000000
0.001641 0.019645 0.000255 0.000000 0.000000
0.000000 0.000000 0.000000 0.000000 0.000000
0.000000 0.000000 0.000000 0.000000 0.000000
0.000000 0.000000 0.000000 0.000000 0.000000
0.000000 0.000000 0.000000 0.000000 0.000000
0.000000 0.000000 0.000000 0.000000 0.000000
0.000000 0.000000 0.000000 0.000000 0.000000
0.000000 0.000000 0.000000 0.000000 0.000000
0.000000 0.000000 0.000000 0.000000 0.000000
0.000000 0.000000 0.000000 0.000000 0.000000
0.000000 0.000000 0.000000 0.000000 0.000000
0.000000 0.000000 0.000000 0.000000 0.000000
0.000000 0.000000 0.000000 0.000000 0.000000
0.000000 0.000000 0.000000 0.000000 0.000000
0.000079 0.000243 0.002981 0.000000 0.000000
0.000648 0.004491 0.032745 0.000000 0.000000
0.001110 0.007887 0.056730 0.000000 0.000000
0.001398 0.008200 0.065710 0.000000 0.000000
0.000000 0.005625 0.114877 0.000000 0.000000
0.000000 0.000000 0.114386 0.010479 0.000000
0.000000 0.000000 0.111517 0.072647 0.000000
0.042983 0.000000 0.031686 0.162539 0.022402
0.140370 0.000000 0.000000 0.143590 0.088812
0.137473 0.066336 0.018424 0.049048 0.130338
0.057484 0.121522 0.084016 0.000000 0.122762
0.000000 0.150932 0.091581 0.000000 0.076704
0.000000 0.102552 0.056513 0.000000 0.005003
0.002355 0.033098 0.012084 0.000000 0.000000
0.000000 0.000000 0.000000 0.000000 0.000000
0.000000 0.000000 0.000000 0.000000 0.000000
0.000000 0.000000 0.000000 0.000000 0.000000
0.000000 0.000000 0.000000 0.000000 0.000000
0.000000 0.000000 0.000000 0.000000 0.000000
0.000000 0.000000 0.000000 0.000000 0.000000
0.000000 0.000000 0.000000 0.000000 0.000000
0.000000 0.000000 0.000000 0.000000 0.000000
0.000000 0.000000 0.000000 0.000000 0.000000
0.000000 0.000000 0.000000 0.000000 0.000000
0.000000 0.000000 0.000000 0.000000 0.000000
0.000000 0.000000 0.000000 0.000000 0.000000
0.000000 0.000000 0.000000 0.000000 0.000000
0.000014 0.000173 0.000948 0.000000 0.000000
0.000545 0.004328 0.029380 0.000000 0.000000
0.001751 0.008583 0.076723 0.000000 0.000000
0.001787 0.006650 0.071313 0.000000 0.000000
0.001596 0.004233 0.058042 0.000000 0.000000
0.000000 0.001173 0.065425 0.000000 0.000000
0.000000 0.000000 0.079720 0.007636 0.000000
0.000000 0.000000 0.057814 0.070728 0.005133
0.058174 0.000000 0.000000 0.158861 0.054105
0.133583 0.053417 0.000000 0.143006 0.113055
0.132337 0.117932 0.070066 0.047853 0.119351
0.037009 0.135883 0.147460 0.000000 0.106987
0.000000 0.109928 0.105722 0.000000 0.042874
0.001499 0.036232 0.037995 0.000000 0.000000
0.000029 0.000315 0.000000 0.000000 0.000000
0.000000 0.000000 0.000000 0.000000 0.000000
0.000000 0.000000 0.000000 0.000000 0.000000
0.000000 0.000000 0.000000 0.000000 0.000000
0.000000 0.000000 0.000000 0.000000 0.000000
0.000000 0.000000 0.000000 0.000000 0.000000
0.000000 0.000000 0.000000 0.000000 0.000000
0.000000 0.000000 0.000000 0.000000 0.000000
0.000000 0.000000 0.000000 0.000000 0.000000
0.000000 0.000000 0.000000 0.000000 0.000000
0.000000 0.000000 0.000000 0.000000 0.000000
0.000000 0.000000 0.000000 0.000000 0.000000
0.000000 0.000000 0.000000 0.000000 0.000000
0.000000 0.000000 0.000000 0.000000 0.000000
0.000145 0.001841 0.010111 0.000000 0.000000
0.000577 0.007308 0.040127 0.000000 0.000000
0.000440 0.005134 0.029148 0.000000 0.000000
0.000271 0.000663 0.009666 0.000000 0.000000
0.000239 0.000260 0.007455 0.000000 0.000000
0.000050 0.000161 0.006197 0.000000 0.000000
0.000000 0.000000 0.010004 0.010471 0.000482
0.001031 0.001013 0.020924 0.069418 0.026727
0.077726 0.039562 0.000000 0.149721 0.096342
0.138468 0.107502 0.000000 0.136720 0.118102
0.129949 0.124955 0.081697 0.053415 0.112242
0.025234 0.125709 0.193247 0.000000 0.074493
0.004373 0.045964 0.103303 0.000000 0.013069
0.000740 0.002305 0.012599 0.000000 0.001171
0.000000 0.000000 0.000000 0.000000 0.000000
0.000000 0.000000 0.000000 0.000000 0.000000
0.000000 0.000000 0.000000 0.000000 0.000000
0.000000 0.000000 0.000000 0.000000 0.000000
0.000000 0.000000 0.000000 0.000000 0.000000
0.000000 0.000000 0.000000 0.000000 0.000000
0.000000 0.000000 0.000000 0.000000 0.000000
0.000000 0.000000 0.000000 0.000000 0.000000
0.000000 0.000000 0.000000 0.000000 0.000000
0.000000 0.000000 0.000000 0.000000 0.000000
0.000000 0.000000 0.000000 0.000000 0.000000
0.000000 0.000000 0.000000 0.000000 0.000000
0.000000 0.000000 0.000000 0.000000 0.000000
0.000000 0.000000 0.000000 0.000000 0.000000
0.000245 0.003107 0.017062 0.000000 0.000000
0.000220 0.002791 0.015324 0.000000 0.000000
0.000034 0.000432 0.002370 0.000000 0.000000
0.000000 0.000000 0.000000 0.000000 0.000000
0.000000 0.000000 0.000000 0.000000 0.000000
0.000000 0.000000 0.000000 0.000000 0.000000
0.000000 0.002444 0.000000 0.011294 0.004245
0.000000 0.036899 0.000000 0.073826 0.055425
0.087338 0.102541 0.000000 0.141851 0.115691
0.139032 0.113348 0.000000 0.135505 0.120722
0.113759 0.118897 0.112159 0.061016 0.097993
0.018875 0.057101 0.214582 0.000000 0.038735
0.000000 0.000000 0.126566 0.000000 0.005239
0.000248 0.000000 0.001326 0.000000 0.000302
0.000000 0.000000 0.000000 0.000000 0.000000
0.000000 0.000000 0.000000 0.000000 0.000000
0.000000 0.000000 0.000000 0.000000 0.000000
0.000000 0.000000 0.000000 0.000000 0.000000
0.000000 0.000000 0.000000 0.000000 0.000000
0.000000 0.000000 0.000000 0.000000 0.000000
0.000000 0.000000 0.000000 0.000000 0.000000
0.000000 0.000000 0.000000 0.000000 0.000000
0.000000 0.000000 0.000000 0.000000 0.000000
0.000000 0.000000 0.000000 0.000000 0.000000
0.000000 0.000000 0.000000 0.000000 0.000000
0.000000 0.000000 0.000000 0.000000 0.000000
0.000000 0.000000 0.000000 0.000000 0.000000
0.000000 0.000000 0.000000 0.000000 0.000000
0.000000 0.000000 0.000000 0.000000 0.000000
0.000000 0.000210 0.000000 0.000000 0.000037
0.000000 0.001647 0.000000 0.000000 0.000290
0.000000 0.000000 0.000000 0.000000 0.000000
0.000000 0.000000 0.000000 0.000000 0.000000
0.000000 0.001883 0.000000 0.000202 0.000891
0.000000 0.034467 0.000000 0.014191 0.018907
0.009153 0.102686 0.000000 0.073717 0.091496
0.108477 0.110293 0.000000 0.134390 0.125424
0.134691 0.108518 0.023193 0.133271 0.116895
0.091007 0.062493 0.149113 0.066528 0.071998
0.009546 0.002133 0.199660 0.000000 0.016456
0.000000 0.000000 0.084779 0.000000 0.000529
0.000000 0.000000 0.016051 0.000079 0.000000
0.000000 0.000000 0.000000 0.000000 0.000000
0.000000 0.000000 0.000000 0.000000 0.000000
0.000000 0.000000 0.000000 0.000000 0.000000
0.000000 0.000000 0.000000 0.000000 0.000000
0.000000 0.000000 0.000000 0.000000 0.000000
0.000000 0.000000 0.000000 0.000000 0.000000
0.000000 0.000000 0.000000 0.000000 0.000000
0.000000 0.000000 0.000000 0.000000 0.000000
0.000000 0.000000 0.000000 0.000000 0.000000
0.000000 0.000000 0.000000 0.000000 0.000000
0.000000 0.000000 0.000000 0.000000 0.000000
0.000000 0.000000 0.000000 0.000000 0.000000
0.000000 0.000000 0.000000 0.000000 0.000000
0.000000 0.000000 0.000000 0.000000 0.000000
0.000000 0.000449 0.000000 0.000000 0.000079
0.000000 0.000719 0.000000 0.000000 0.000127
0.000000 0.000689 0.000000 0.000000 0.000121
0.000000 0.000000 0.000000 0.000000 0.000000
0.000000 0.003176 0.000000 0.000006 0.000000
0.000000 0.018927 0.000000 0.001249 0.005940
0.000000 0.110440 0.000000 0.015454 0.047938
0.022649 0.115207 0.000000 0.050336 0.123933
0.119011 0.106568 0.000000 0.125449 0.127488
0.137523 0.069574 0.041635 0.131754 0.100714
0.080442 0.005243 0.174792 0.082745 0.035602
0.006075 0.000000 0.163045 0.009783 0.004895
0.000000 0.000000 0.071065 0.000000 0.000000
0.000000 0.000000 0.049269 0.000244 0.000000
0.000000 0.000000 0.015337 0.001102 0.000000
0.000034 0.000000 0.000264 0.000312 0.000000
0.000000 0.000000 0.000000 0.000000 0.000000
0.000000 0.000000 0.000000 0.000000 0.000000
0.000000 0.000000 0.000000 0.000000 0.000000
0.000000 0.000000 0.000000 0.000000 0.000000
0.000000 0.000000 0.000000 0.000000 0.000000
0.000000 0.000000 0.000000 0.000000 0.000000
0.000000 0.000000 0.000000 0.000000 0.000000
0.000000 0.000000 0.000000 0.000000 0.000000
0.000000 0.000000 0.000000 0.000000 0.000000
0.000000 0.000000 0.000000 0.000000 0.000000
0.000000 0.000000 0.000000 0.000000 0.000000
0.000000 0.000000 0.000000 0.000000 0.000000
0.000000 0.001706 0.000000 0.000000 0.000301
0.000000 0.002485 0.000000 0.000000 0.000438
0.000000 0.000000 0.000000 0.000000 0.000000
0.000000 0.000000 0.000000 0.000000 0.000000
0.000001 0.010701 0.000000 0.000000 0.000000
0.000000 0.087346 0.000000 0.001999 0.021418
0.000000 0.128403 0.000000 0.006612 0.098367
0.044273 0.104502 0.000000 0.021146 0.138993
0.125921 0.066396 0.000000 0.116796 0.133303
0.139203 0.015713 0.027256 0.133503 0.070481
0.057931 0.000000 0.180116 0.097101 0.003971
0.000000 0.000000 0.136134 0.034413 0.000000
0.000000 0.000000 0.067873 0.001104 0.000000
0.000000 0.000000 0.058712 0.004091 0.000000
0.000000 0.000000 0.025154 0.006607 0.000285
0.000410 0.000000 0.003213 0.003802 0.000000
0.000000 0.000000 0.000000 0.000000 0.000000
0.000000 0.000000 0.000000 0.000000 0.000000
0.000000 0.000000 0.000000 0.000000 0.000000
0.000000 0.000000 0.000000 0.000000 0.000000
0.000000 0.000000 0.000000 0.000000 0.000000
0.000000 0.000000 0.000000 0.000000 0.000000
0.000000 0.000000 0.000000 0.000000 0.000000
0.000000 0.000000 0.000000 0.000000 0.000000
0.000000 0.000000 0.000000 0.000000 0.000000
0.000000 0.000000 0.000000 0.000000 0.000000
0.000000 0.000000 0.000000 0.000000 0.000000
0.000000 0.000000 0.000000 0.000000 0.000000
0.000000 0.000000 0.000000 0.000000 0.000000
0.000000 0.000000 0.000000 0.000000 0.000000
0.000000 0.000000 0.000000 0.000000 0.000000
0.000150 0.008275 0.000000 0.000000 0.000000
0.000000 0.075555 0.000000 0.000000 0.000000
0.000000 0.147296 0.000000 0.003491 0.051647
0.000000 0.123369 0.000000 0.000000 0.123263
0.062735 0.068510 0.000000 0.016112 0.147094
0.144143 0.001802 0.000000 0.097722 0.117224
0.140515 0.000000 0.043196 0.138667 0.030010
0.046966 0.000000 0.133900 0.110941 0.000000
0.000000 0.000000 0.114798 0.058722 0.000000
0.000000 0.000000 0.077589 0.011387 0.000000
0.000000 0.000000 0.064553 0.006641 0.000000
0.000000 0.000000 0.044172 0.006562 0.000000
0.001045 0.000303 0.034752 0.001688 0.000000
0.000424 0.000461 0.013215 0.000000 0.000000
0.000000 0.000000 0.000000 0.000000 0.000000
0.000000 0.000000 0.000000 0.000000 0.000000
0.000000 0.000000 0.000000 0.000000 0.000000
0.000000 0.000000 0.000000 0.000000 0.000000
0.000000 0.000000 0.000000 0.000000 0.000000
0.000000 0.000000 0.000000 0.000000 0.000000
0.000000 0.000000 0.000000 0.000000 0.000000
0.000000 0.000000 0.000000 0.000000 0.000000
0.000000 0.000000 0.000000 0.000000 0.000000
0.000000 0.000000 0.000000 0.000000 0.000000
0.000000 0.000000 0.000000 0.000000 0.000000
0.000000 0.000000 0.000000 0.000000 0.000000
0.000000 0.000000 0.000000 0.000000 0.000000
0.000576 0.010307 0.001083 0.000000 0.000000
0.001280 0.050686 0.005313 0.000000 0.000000
0.000000 0.130737 0.008960 0.000000 0.012280
0.000000 0.147183 0.028177 0.000000 0.090904
0.000000 0.095384 0.035455 0.000000 0.138890
0.075867 0.018148 0.023923 0.001770 0.146510
0.162168 0.000000 0.026635 0.069587 0.074618
0.135198 0.000000 0.066044 0.136770 0.001162
0.052297 0.000944 0.093656 0.131623 0.000000
0.000000 0.000000 0.115910 0.076024 0.000000
0.000000 0.000000 0.112022 0.018581 0.000000
0.000000 0.000606 0.107331 0.001974 0.000000
0.000000 0.000000 0.100960 0.002750 0.000000
0.000000 0.000520 0.081116 0.000000 0.000000
0.000750 0.000815 0.023381 0.000000 0.000000
0.000000 0.000000 0.000000 0.000000 0.000000
0.000000 0.000000 0.000000 0.000000 0.000000
0.000000 0.000000 0.000000 0.000000 0.000000
0.000000 0.000000 0.000000 0.000000 0.000000
0.000000 0.000000 0.000000 0.000000 0.000000
0.000000 0.000000 0.000000 0.000000 0.000000
0.000000 0.000000 0.000000 0.000000 0.000000
0.000000 0.000000 0.000000 0.000000 0.000000
0.000000 0.000000 0.000000 0.000000 0.000000
0.000000 0.000000 0.000000 0.000000 0.000000
0.000000 0.000000 0.000000 0.000000 0.000000
0.000000 0.000000 0.000000 0.000000 0.000000
0.000370 0.005164 0.003890 0.000000 0.000000
0.002725 0.041967 0.028112 0.000000 0.000000
0.000697 0.103525 0.039904 0.000000 0.000000
0.000000 0.157106 0.034566 0.000000 0.045653
0.000000 0.121101 0.055744 0.000000 0.111942
0.021179 0.041428 0.057252 0.000000 0.152194
0.100429 0.000000 0.041341 0.000000 0.118354
0.171246 0.000000 0.035866 0.046272 0.031472
0.133885 0.008554 0.041679 0.129207 0.000000
0.049951 0.000549 0.029480 0.151239 0.000000
0.001982 0.000000 0.101135 0.085954 0.000000
0.000000 0.000000 0.132849 0.036575 0.000000
0.000000 0.004203 0.130809 0.011830 0.000000
0.000000 0.000000 0.082304 0.000965 0.000000
0.000000 0.000000 0.078867 0.000000 0.000000
0.000000 0.000000 0.040226 0.000000 0.000000
0.000000 0.000000 0.000000 0.000000 0.000000
0.000000 0.000000 0.000000 0.000000 0.000000
0.000000 0.000000 0.000000 0.000000 0.000000
0.000000 0.000000 0.000000 0.000000 0.000000
0.000000 0.000000 0.000000 0.000000 0.000000
0.000000 0.000000 0.000000 0.000000 0.000000
0.000000 0.000000 0.000000 0.000000 0.000000
0.000000 0.000000 0.000000 0.000000 0.000000
0.000000 0.000000 0.000000 0.000000 0.000000
0.000000 0.000000 0.000000 0.000000 0.000000
0.000000 0.000000 0.000000 0.000000 0.000000
0.000000 0.000000 0.000000 0.000000 0.000000
0.002535 0.024538 0.040438 0.000000 0.000000
0.006872 0.089458 0.078506 0.000000 0.000000
0.000000 0.140645 0.061168 0.000000 0.008634
0.000000 0.145099 0.064797 0.000000 0.080934
0.000000 0.067235 0.067479 0.000297 0.135704
0.035945 0.000000 0.047460 0.000000 0.147736
0.110601 0.000000 0.027443 0.000000 0.093420
0.172898 0.000000 0.002575 0.025567 0.009151
0.134063 0.014232 0.000000 0.111966 0.000000
0.051987 0.006442 0.017763 0.153393 0.000000
0.002750 0.000000 0.064455 0.103904 0.000000
0.000000 0.000000 0.106763 0.045979 0.000000
0.000000 0.000797 0.093561 0.019454 0.000000
0.000000 0.000000 0.064536 0.009908 0.000000
0.000000 0.000000 0.057797 0.002128 0.000000
0.000000 0.000000 0.038568 0.000191 0.000000
0.000000 0.000000 0.000000 0.000000 0.000000
0.000000 0.000000 0.000000 0.000000 0.000000
0.000000 0.000000 0.000000 0.000000 0.000000
0.000000 0.000000 0.000000 0.000000 0.000000
0.004074 0.000000 0.002782 0.000000 0.000070
0.000000 0.000000 0.000000 0.000000 0.000000
0.000000 0.000000 0.000000 0.000000 0.000000
0.000000 0.000000 0.000000 0.000000 0.000000
0.000000 0.000000 0.000000 0.000000 0.000000
0.000000 0.000000 0.000000 0.000000 0.000000
0.000000 0.000000 0.000000 0.000000 0.000000
0.000501 0.005895 0.000000 0.000000 0.000000
0.003917 0.049156 0.031339 0.000000 0.000000
0.004017 0.109312 0.071934 0.000000 0.000000
0.000000 0.149663 0.074429 0.000000 0.030875
0.000000 0.106121 0.075016 0.000000 0.104459
0.000000 0.036868 0.063310 0.000000 0.143027
0.055999 0.000000 0.061623 0.000000 0.126030
0.109845 0.000000 0.049789 0.000000 0.058830
0.164027 0.007410 0.000000 0.022702 0.000000
0.142501 0.017719 0.000000 0.080035 0.000000
0.043334 0.009289 0.001981 0.139690 0.000000
0.002144 0.000000 0.025246 0.109052 0.000000
0.000000 0.000000 0.075905 0.059774 0.000000
0.000000 0.000000 0.065935 0.038954 0.000258
0.000000 0.000000 0.065103 0.029606 0.000000
0.000000 0.000000 0.060556 0.004904 0.000000
0.000000 0.000000 0.038568 0.000191 0.000000
0.000000 0.000000 0.000000 0.000000 0.000000
0.000000 0.000000 0.000000 0.000000 0.000000
0.000000 0.000000 0.000000 0.000000 0.000000
0.000000 0.000000 0.000000 0.000000 0.000000
0.000000 0.000000 0.000000 0.000000 0.000000
0.000000 0.000000 0.000000 0.000000 0.000000
0.000000 0.000000 0.000000 0.000000 0.000000
0.000000 0.000000 0.000000 0.000000 0.000000
0.000000 0.000000 0.000000 0.000000 0.000000
0.000000 0.000000 0.000000 0.000000 0.000000
0.000000 0.000000 0.000000 0.000000 0.000000
0.001258 0.014546 0.000000 0.000000 0.000000
0.003956 0.047560 0.000948 0.000000 0.000000
0.000681 0.109381 0.008665 0.000000 0.000000
0.000000 0.118139 0.013194 0.000081 0.035638
0.000000 0.079395 0.045675 0.002245 0.102555
0.000000 0.007957 0.043077 0.000068 0.124411
0.041438 0.000000 0.023411 0.000000 0.088177
0.087195 0.000000 0.010362 0.000000 0.024365
0.118242 0.006833 0.000000 0.000000 0.000000
0.095669 0.016491 0.000000 0.058587 0.000000
0.033514 0.002965 0.000000 0.094220 0.000000
0.000000 0.000000 0.001776 0.077113 0.000000
0.000000 0.000000 0.026572 0.056377 0.001380
0.000000 0.000000 0.037618 0.036277 0.001000
0.000000 0.000000 0.058146 0.008605 0.000000
0.000000 0.000000 0.056877 0.001202 0.000000
0.000000 0.000000 0.038568 0.000191 0.000000
0.000000 0.000000 0.000000 0.000000 0.000000
0.000000 0.000000 0.000000 0.000000 0.000000
0.000000 0.000000 0.000000 0.000000 0.000000
0.000000 0.000000 0.000000 0.000000 0.000000
0.000000 0.000000 0.000000 0.000000 0.000000
0.000000 0.000000 0.000000 0.000000 0.000000
0.000000 0.000000 0.000000 0.000000 0.000000
0.000000 0.000000 0.000000 0.000000 0.000000
0.000000 0.000000 0.000000 0.000000 0.000000
0.000000 0.000000 0.000000 0.000000 0.000000
0.000000 0.000000 0.000000 0.000000 0.000000
0.001258 0.014546 0.000000 0.000000 0.000000
0.003765 0.043415 0.000000 0.000000 0.000000
0.000682 0.053430 0.000000 0.000000 0.000000
0.000000 0.038449 0.000000 0.001315 0.013933
0.000000 0.028297 0.001574 0.003129 0.038503
0.000000 0.013637 0.000000 0.003208 0.041790
0.007303 0.000000 0.000000 0.000000 0.026064
0.013992 0.000000 0.000000 0.000000 0.007757
0.012776 0.000979 0.000000 0.000000 0.001445
0.024644 0.003277 0.000000 0.011260 0.000000
0.012690 0.000990 0.000000 0.017437 0.000000
0.000436 0.000000 0.000000 0.011347 0.000000
0.000000 0.000000 0.000000 0.009376 0.000413
0.000000 0.000000 0.000000 0.001270 0.000069
0.000000 0.000000 0.000000 0.000000 0.000000
0.000000 0.000000 0.000000 0.000000 0.000000
0.000000 0.000000 0.000000 0.000000 0.000000
0.000000 0.000000 0.000000 0.000000 0.000000
0.000000 0.000000 0.000000 0.000000 0.000000
0.000000 0.000000 0.000000 0.000000 0.000000
0.000000 0.000000 0.000000 0.000000 0.000000
0.000000 0.000000 0.000000 0.000000 0.000000
0.000000 0.000000 0.000000 0.000000 0.000000
0.000000 0.000000 0.000000 0.000000 0.000000
0.000000 0.000000 0.000000 0.000000 0.000000
0.000000 0.000000 0.000000 0.000000 0.000000
0.000000 0.000000 0.000000 0.000000 0.000000
0.000000 0.000000 0.000000 0.000000 0.000000
0.000000 0.000000 0.000000 0.000000 0.000000
0.000000 0.000000 0.000000 0.000000 0.000000
0.000000 0.000000 0.000000 0.000000 0.000000
0.000000 0.000000 0.000000 0.000000 0.000000
0.000000 0.000000 0.000000 0.000000 0.000000
0.000000 0.000000 0.000000 0.000000 0.000000
0.000000 0.000000 0.000000 0.000000 0.000000
0.000000 0.000000 0.000000 0.000000 0.000000
0.000000 0.000000 0.000000 0.000000 0.000000
0.000000 0.000000 0.000000 0.000000 0.000000
0.000000 0.000000 0.000000 0.000000 0.000000
0.000000 0.000000 0.000000 0.000000 0.000000
0.000000 0.000000 0.000000 0.000000 0.000000
0.000000 0.000000 0.000000 0.000000 0.000000
0.000000 0.000000 0.000000 0.000000 0.000000
0.000000 0.000000 0.000000 0.000000 0.000000
0.000000 0.000000 0.000000 0.000000 0.000000
0.000000 0.000000 0.000000 0.000000 0.000000
0.000000 0.000000 0.000000 0.000000 0.000000
0.000000 0.000000 0.000000 0.000000 0.000000
0.000000 0.000000 0.000000 0.000000 0.000000
0.000000 0.000000 0.000000 0.000000 0.000000
0.000000 0.000000 0.000000 0.000000 0.000000
0.000000 0.000000 0.000000 0.000000 0.000000
0.000000 0.000000 0.000000 0.000000 0.000000
0.000000 0.000000 0.000000 0.000000 0.000000
0.000000 0.000000 0.000000 0.000000 0.000000
0.000000 0.000000 0.000000 0.000000 0.000000
0.000000 0.000000 0.000000 0.000000 0.000000
0.000000 0.000000 0.000000 0.000000 0.000000
0.000000 0.000000 0.000000 0.000000 0.000000
0.000000 0.000000 0.000000 0.000000 0.000000
0.000000 0.000000 0.000000 0.000000 0.000000
0.000000 0.000000 0.000000 0.000000 0.000000
0.000000 0.000000 0.000000 0.000000 0.000000
0.000000 0.000000 0.000000 0.000000 0.000000
0.000000 0.000000 0.000000 0.000000 0.000000
0.000000 0.000000 0.000000 0.000000 0.000000
0.000000 0.000000 0.000000 0.000000 0.000000
0.000000 0.000000 0.000000 0.000000 0.000000
0.000000 0.000000 0.000000 0.000000 0.000000
0.000000 0.000000 0.000000 0.000000 0.000000
0.000000 0.000000 0.000000 0.000000 0.000000
0.000000 0.000000 0.000000 0.000000 0.000000
0.000000 0.000000 0.000000 0.000000 0.000000
0.000000 0.000000 0.000000 0.000000 0.000000
0.000000 0.000000 0.000000 0.000000 0.000000
0.000000 0.000000 0.000000 0.000000 0.000000
0.000000 0.000000 0.000000 0.000000 0.000000
0.000000 0.000000 0.000000 0.000000 0.000000
0.000000 0.000000 0.000000 0.000000 0.000000
0.000000 0.000000 0.000000 0.000000 0.000000
0.000000 0.000000 0.000000 0.000000 0.000000
0.000000 0.000000 0.000000 0.000000 0.000000
0.000000 0.000000 0.000000 0.000000 0.000000
0.000000 0.000000 0.000000 0.000000 0.000000
0.000000 0.000000 0.000000 0.000000 0.000000
0.000000 0.000000 0.000000 0.000000 0.000000
0.000000 0.000000 0.000000 0.000000 0.000000
0.000000 0.000000 0.000000 0.000000 0.000000
0.000000 0.000000 0.000000 0.000000 0.000000
0.000000 0.000000 0.000000 0.000000 0.000000
0.000000 0.000000 0.000000 0.000000 0.000000
0.000000 0.000000 0.000000 0.000000 0.000000
0.000000 0.000000 0.000000 0.000000 0.000000
0.000000 0.000000 0.000000 0.000000 0.000000
0.000000 0.000000 0.000000 0.000000 0.000000
0.000000 0.000000 0.000000 0.000000 0.000000
0.000000 0.000000 0.000000 0.000000 0.000000
0.000000 0.000000 0.000000 0.000000 0.000000
0.000000 0.000000 0.000000 0.000000 0.000000
0.000000 0.000000 0.000000 0.000000 0.000000
0.000000 0.000000 0.000000 0.000000 0.000000
0.000000 0.000000 0.000000 0.000000 0.000000
0.000000 0.000000 0.000000 0.000000 0.000000
0.000000 0.000000 0.000000 0.000000 0.000000
0.000000 0.000000 0.000000 0.000000 0.000000
0.000000 0.000000 0.000000 0.000000 0.000000
0.000000 0.000000 0.000000 0.000000 0.000000
