0.000000 0.000000 0.000000 0.000000 0.000000
0.000000 0.000000 0.000000 0.000000 0.000000
0.000000 0.000000 0.000000 0.000000 0.000000
0.000000 0.000000 0.000000 0.000000 0.000000
0.000000 0.000000 0.000000 0.000000 0.000000
0.000000 0.000000 0.000000 0.000000 0.000000
0.000000 0.000000 0.000000 0.000000 0.000000
0.000000 0.000000 0.000000 0.000000 0.000000
0.000000 0.000000 0.000000 0.000000 0.000000
0.000000 0.000000 0.000000 0.000000 0.000000
0.000000 0.000000 0.000000 0.000000 0.000000
0.000000 0.000000 0.000000 0.000000 0.000000
0.000000 0.000000 0.000000 0.000000 0.000000
0.000000 0.000000 0.000000 0.000000 0.000000
0.000000 0.000000 0.000000 0.000000 0.000000
0.000000 0.000000 0.000000 0.000000 0.000000
0.000000 0.000000 0.000000 0.000000 0.000000
0.000000 0.000000 0.000000 0.000000 0.000000
0.000000 0.000000 0.000000 0.000000 0.000000
0.000000 0.000000 0.000000 0.000000 0.000000
0.000000 0.000000 0.000000 0.000000 0.000000
0.000000 0.000000 0.000000 0.000000 0.000000
0.000000 0.000000 0.000000 0.000000 0.000000
0.000000 0.000000 0.000000 0.000000 0.000000
0.000000 0.000000 0.000000 0.000000 0.000000
0.000000 0.000000 0.000000 0.000000 0.000000
0.000000 0.000000 0.000000 0.000000 0.000000
0.000000 0.000000 0.000000 0.000000 0.000000
0.000000 0.000000 0.000000 0.000000 0.000000
0.000000 0.000000 0.000000 0.000000 0.000000
0.000000 0.000000 0.000000 0.000000 0.000000
0.000000 0.000000 0.000000 0.000000 0.000000
0.000000 0.000000 0.000000 0.000000 0.000000
0.000000 0.000000 0.000000 0.000000 0.000000
0.000000 0.000000 0.000000 0.000000 0.000000
0.000000 0.000000 0.000000 0.000000 0.000000
0.000000 0.000000 0.000000 0.000000 0.000000
0.000000 0.000000 0.000000 0.000000 0.000000
0.000000 0.000031 0.000000 0.000000 0.000919
0.000000 0.000195 0.000000 0.000000 0.005696
0.000000 0.000000 0.000000 0.000000 0.000000
0.005287 0.000000 0.001414 0.000000 0.000000
0.015607 0.000000 0.003613 0.000000 0.000000
0.022716 0.000000 0.005053 0.000000 0.000000
0.025818 0.000000 0.006411 0.000000 0.000000
0.014213 0.000000 0.004022 0.000000 0.005463
0.005246 0.000000 0.001495 0.000000 0.004200
0.001092 0.000000 0.007660 0.000000 0.000000
0.001259 0.000000 0.008835 0.000000 0.000000
0.000075 0.000000 0.000527 0.000000 0.000000
0.000000 0.000000 0.000000 0.000000 0.000000
0.000000 0.000000 0.000000 0.000000 0.000000
0.000000 0.000000 0.000000 0.000000 0.000000
0.000000 0.000000 0.000000 0.000000 0.000000
0.000000 0.000000 0.000000 0.000000 0.000000
0.000000 0.000000 0.000000 0.000000 0.000000
0.000000 0.000000 0.000000 0.000000 0.000000
0.000000 0.000000 0.000000 0.000000 0.000000
0.000000 0.000000 0.000000 0.000000 0.000000
0.000000 0.000000 0.000000 0.000000 0.000000
0.000000 0.000000 0.000000 0.000000 0.000000
0.000000 0.000000 0.000000 0.000000 0.000000
0.000000 0.000000 0.000000 0.000000 0.000000
0.000000 0.000000 0.000000 0.000000 0.000000
0.000000 0.000000 0.000000 0.000000 0.000000
0.000000 0.000000 0.000000 0.000000 0.000000
0.000772 0.000000 0.000000 0.000000 0.010543
0.001383 0.000000 0.000000 0.000000 0.036829
0.000000 0.000055 0.000000 0.000000 0.023964
0.009845 0.000000 0.001234 0.000228 0.009262
0.040189 0.000000 0.007978 0.000000 0.000000
0.061416 0.000000 0.001546 0.000000 0.000000
0.074208 0.021698 0.000000 0.005260 0.000000
0.039833 0.049214 0.000000 0.015331 0.000000
0.004356 0.070420 0.000000 0.007132 0.000000
0.000000 0.052256 0.001431 0.001739 0.000000
0.008213 0.010571 0.022761 0.000000 0.000000
0.006415 0.000000 0.031172 0.000000 0.000000
0.002384 0.000000 0.017057 0.000000 0.000000
0.000108 0.000000 0.001594 0.000303 0.000000
0.000000 0.000000 0.000000 0.000000 0.000000
0.000000 0.000000 0.000000 0.000000 0.000000
0.000000 0.000000 0.000000 0.000000 0.000000
0.000000 0.000000 0.000000 0.000000 0.000000
0.000000 0.000000 0.000000 0.000000 0.000000
0.000000 0.000000 0.000000 0.000000 0.000000
0.000000 0.000000 0.000000 0.000000 0.000000
0.000000 0.000000 0.000000 0.000000 0.000000
0.000000 0.000000 0.000000 0.000000 0.000000
0.000000 0.000000 0.000000 0.000000 0.000000
0.000000 0.000000 0.000000 0.000000 0.000000
0.000805 0.000000 0.000325 0.000000 0.000000
0.000032 0.000000 0.000013 0.000000 0.000000
0.000000 0.000000 0.000000 0.000000 0.000647
0.000000 0.000224 0.000000 0.000000 0.037984
0.000000 0.000567 0.000000 0.000000 0.062238
0.004706 0.000000 0.000000 0.000000 0.070004
0.033023 0.000000 0.002764 0.002043 0.041001
0.072183 0.000000 0.013001 0.018842 0.008070
0.098016 0.005054 0.000000 0.045493 0.000000
0.082232 0.049769 0.000000 0.063018 0.000000
0.012389 0.089332 0.000000 0.072109 0.000000
0.000000 0.087447 0.013940 0.033075 0.000000
0.000000 0.059080 0.071517 0.000098 0.000000
0.005023 0.010851 0.082960 0.000000 0.000000
0.008272 0.000000 0.059400 0.000000 0.000000
0.002996 0.000000 0.022798 0.000000 0.000000
0.000087 0.000000 0.001282 0.000244 0.000000
0.000000 0.000000 0.000000 0.000000 0.000000
0.000000 0.000000 0.000000 0.000000 0.000000
0.000000 0.000000 0.000000 0.000000 0.000000
0.000000 0.000000 0.000000 0.000000 0.000000
0.000000 0.000000 0.000000 0.000000 0.000000
0.000000 0.000000 0.000000 0.000000 0.000000
0.000000 0.000000 0.000000 0.000000 0.000000
0.000000 0.000000 0.000000 0.000000 0.000000
0.000000 0.000000 0.000000 0.000000 0.000000
0.000000 0.000000 0.000000 0.000000 0.000000
0.000979 0.000000 0.000395 0.000000 0.000000
0.002826 0.000000 0.001140 0.000000 0.000000
0.000016 0.000000 0.000006 0.000000 0.000000
0.000000 0.000127 0.000000 0.000000 0.010184
0.000000 0.000885 0.000000 0.000000 0.069169
0.000000 0.000000 0.000000 0.000000 0.084803
0.031232 0.000000 0.000000 0.000000 0.082443
0.081055 0.000000 0.008120 0.004418 0.051489
0.097281 0.000000 0.000000 0.063378 0.016575
0.077006 0.036414 0.000000 0.111893 0.002985
0.035145 0.090702 0.000000 0.117792 0.000000
0.000000 0.106589 0.014229 0.081845 0.000000
0.000000 0.067734 0.090513 0.029206 0.000000
0.001405 0.021690 0.133103 0.000000 0.000000
0.003110 0.000000 0.098041 0.000000 0.000000
0.005023 0.000000 0.043081 0.000000 0.000000
0.000162 0.000000 0.004757 0.000000 0.000000
0.000000 0.000000 0.000000 0.000000 0.000000
0.000000 0.000000 0.000000 0.000000 0.000000
0.000000 0.000000 0.000000 0.000000 0.000000
0.000000 0.000000 0.000000 0.000000 0.000000
0.000000 0.000000 0.000000 0.000000 0.000000
0.000000 0.000000 0.000000 0.000000 0.000000
0.000000 0.000000 0.000000 0.000000 0.000000
0.000000 0.000000 0.000000 0.000000 0.000000
0.000000 0.000000 0.000000 0.000000 0.000000
0.000000 0.000000 0.000000 0.000000 0.000000
0.000000 0.000000 0.000000 0.000000 0.000000
0.002747 0.000000 0.001108 0.000000 0.000000
0.002084 0.000000 0.000840 0.000000 0.000000
0.000000 0.000000 0.000000 0.000000 0.001293
0.000000 0.000000 0.000000 0.000000 0.026730
0.000000 0.000000 0.000000 0.000000 0.096271
0.021927 0.000000 0.000000 0.000000 0.107152
0.074197 0.000000 0.001243 0.000997 0.085920
0.102603 0.000000 0.000000 0.052222 0.048295
0.085187 0.025899 0.000000 0.111892 0.006930
0.032773 0.086559 0.000000 0.135424 0.000000
0.000000 0.116393 0.006008 0.095519 0.000000
0.000000 0.073493 0.086500 0.057945 0.000000
0.000339 0.017599 0.145970 0.019009 0.000000
0.000000 0.000000 0.124141 0.000000 0.007533
0.000000 0.000000 0.053225 0.000000 0.005006
0.000862 0.000000 0.006232 0.000000 0.000000
0.000018 0.000000 0.000087 0.000000 0.000000
0.000000 0.000000 0.000000 0.000000 0.000000
0.000000 0.000000 0.000000 0.000000 0.000000
0.000000 0.000000 0.000000 0.000000 0.000000
0.000000 0.000000 0.000000 0.000000 0.000000
0.000000 0.000000 0.000000 0.000000 0.000000
0.000000 0.000000 0.000000 0.000000 0.000000
0.000000 0.000000 0.000000 0.000000 0.000000
0.000000 0.000000 0.000000 0.000000 0.000000
0.000000 0.000000 0.000000 0.000000 0.000000
0.000000 0.000000 0.000000 0.000000 0.000000
0.000063 0.000000 0.000025 0.000000 0.000000
0.002473 0.000149 0.001220 0.000000 0.000000
0.000774 0.000000 0.000312 0.000000 0.000000
0.000000 0.000000 0.000000 0.000000 0.008175
0.003708 0.000000 0.000000 0.000000 0.059643
0.004799 0.000000 0.000000 0.000000 0.116574
0.061733 0.000000 0.000303 0.000000 0.110993
0.090479 0.000000 0.000000 0.034233 0.070518
0.095715 0.014200 0.000000 0.102768 0.006881
0.036220 0.081678 0.000000 0.143816 0.000000
0.000000 0.123469 0.000000 0.111364 0.000000
0.000000 0.089169 0.079669 0.045208 0.000000
0.001836 0.025601 0.143167 0.005733 0.000000
0.006419 0.000000 0.132492 0.000000 0.004937
0.000000 0.000000 0.047918 0.008998 0.004604
0.000000 0.003124 0.002780 0.007457 0.003094
0.000087 0.000000 0.000000 0.001527 0.001005
0.000000 0.000000 0.000000 0.000000 0.000000
0.000000 0.000000 0.000000 0.000000 0.000000
0.000000 0.000000 0.000000 0.000000 0.000000
0.000000 0.000000 0.000000 0.000000 0.000000
0.000000 0.000000 0.000000 0.000000 0.000000
0.000000 0.000000 0.000000 0.000000 0.000000
0.000000 0.000000 0.000000 0.000000 0.000000
0.000000 0.000000 0.000000 0.000000 0.000000
0.000000 0.000000 0.000000 0.000000 0.000000
0.000000 0.000000 0.000000 0.000000 0.000000
0.000000 0.000000 0.000000 0.000000 0.000000
0.001405 0.000000 0.000567 0.000000 0.000000
0.003821 0.000000 0.001541 0.000000 0.000000
0.000363 0.000000 0.000146 0.000000 0.000000
0.003859 0.000000 0.000155 0.000000 0.013674
0.013329 0.000000 0.000000 0.000000 0.073813
0.043298 0.000000 0.000081 0.000000 0.124087
0.079175 0.000000 0.000000 0.016109 0.114292
0.095985 0.003126 0.000000 0.074144 0.013642
0.057768 0.068289 0.000000 0.130326 0.000000
0.001129 0.120195 0.000000 0.119558 0.000000
0.000000 0.107541 0.068678 0.050895 0.000000
0.000000 0.041588 0.142758 0.000000 0.000000
0.006978 0.000000 0.131084 0.000000 0.004212
0.000303 0.000000 0.054121 0.000000 0.011513
0.000000 0.000000 0.006424 0.007787 0.004593
0.000000 0.000773 0.000000 0.004025 0.003455
0.000321 0.000000 0.000000 0.004350 0.003027
0.000214 0.000000 0.000000 0.002900 0.002018
0.000000 0.000000 0.000000 0.000000 0.000000
0.000000 0.000000 0.000000 0.000000 0.000000
0.000000 0.000000 0.000000 0.000000 0.000000
0.000000 0.000000 0.000000 0.000000 0.000000
0.000000 0.000000 0.000000 0.000000 0.000000
0.000000 0.000000 0.000000 0.000000 0.000000
0.000000 0.000000 0.000000 0.000000 0.000000
0.000000 0.000000 0.000000 0.000000 0.000000
0.000000 0.000000 0.000000 0.000000 0.000000
0.000000 0.000000 0.000000 0.000000 0.000000
0.002353 0.000000 0.000949 0.000000 0.000000
0.003268 0.000000 0.001318 0.000000 0.000000
0.001943 0.000000 0.000236 0.000000 0.002804
0.012313 0.000000 0.000858 0.000000 0.028088
0.037763 0.000000 0.001843 0.000000 0.102712
0.067642 0.000000 0.000000 0.004258 0.133803
0.087226 0.000000 0.000000 0.047106 0.072330
0.060765 0.054485 0.000000 0.120600 0.000000
0.008626 0.117818 0.000000 0.129531 0.000000
0.000000 0.110728 0.059028 0.076295 0.000000
0.000000 0.052147 0.136911 0.010185 0.000000
0.004364 0.001447 0.137795 0.000000 0.019159
0.000000 0.000000 0.053137 0.000000 0.034696
0.000000 0.000000 0.004314 0.000000 0.031172
0.000000 0.000000 0.000000 0.000000 0.024003
0.000000 0.000000 0.000000 0.001730 0.006202
0.000363 0.000000 0.000000 0.003834 0.002650
0.001663 0.000000 0.000000 0.003974 0.002480
0.000872 0.000000 0.000000 0.002211 0.001391
0.000000 0.000000 0.000000 0.000000 0.000000
0.000000 0.000000 0.000000 0.000000 0.000000
0.000000 0.000000 0.000000 0.000000 0.000000
0.000000 0.000000 0.000000 0.000000 0.000000
0.000000 0.000000 0.000000 0.000000 0.000000
0.000000 0.000000 0.000000 0.000000 0.000000
0.000000 0.000000 0.000000 0.000000 0.000000
0.000000 0.000000 0.000000 0.000000 0.000000
0.000000 0.000000 0.000000 0.000000 0.000000
0.002795 0.000000 0.001127 0.000000 0.000000
0.002747 0.000000 0.001108 0.000000 0.000000
0.012182 0.000000 0.001591 0.000000 0.015350
0.038183 0.000000 0.005857 0.000000 0.054607
0.057589 0.000000 0.002088 0.000000 0.111685
0.078589 0.000000 0.000000 0.019971 0.123215
0.071009 0.041336 0.000000 0.089114 0.038414
0.024513 0.110770 0.000000 0.126480 0.000000
0.000000 0.118903 0.028146 0.103939 0.000000
0.000000 0.067538 0.123259 0.040870 0.000000
0.001989 0.000000 0.158392 0.000000 0.021110
0.000000 0.000000 0.068024 0.000000 0.045975
0.000000 0.000000 0.006111 0.000000 0.043401
0.000000 0.001834 0.000000 0.000000 0.043000
0.000000 0.002545 0.000000 0.000000 0.042180
0.000000 0.001168 0.000000 0.000000 0.035550
0.000826 0.000000 0.000501 0.000000 0.008108
0.003897 0.000000 0.001092 0.000405 0.000000
0.003521 0.000000 0.001420 0.000000 0.000000
0.001816 0.000000 0.000732 0.000000 0.000000
0.000000 0.000000 0.000000 0.000000 0.000000
0.000000 0.000000 0.000000 0.000000 0.000000
0.000000 0.000000 0.000000 0.000000 0.000000
0.000000 0.000000 0.000000 0.000000 0.000000
0.000000 0.000000 0.000000 0.000000 0.000000
0.000000 0.000000 0.000000 0.000000 0.000000
0.000000 0.000000 0.000000 0.000000 0.000000
0.000000 0.000000 0.000000 0.000000 0.000000
0.002795 0.000000 0.001127 0.000000 0.000000
0.003877 0.000000 0.000752 0.000000 0.003315
0.026581 0.000000 0.004709 0.000000 0.028210
0.064380 0.000000 0.010583 0.000000 0.057326
0.082936 0.000000 0.000000 0.000000 0.106766
0.090874 0.020291 0.000000 0.042322 0.094537
0.037789 0.104410 0.000000 0.112646 0.014808
0.000000 0.122450 0.003121 0.118434 0.000000
0.000000 0.085759 0.094660 0.079629 0.000000
0.000000 0.005961 0.161038 0.008846 0.005065
0.002874 0.000000 0.100371 0.000000 0.034827
0.000000 0.000000 0.023657 0.000000 0.038701
0.000000 0.010817 0.000000 0.000000 0.050517
0.000000 0.015184 0.000000 0.000000 0.050570
0.000000 0.016836 0.000000 0.000000 0.049956
0.000000 0.017513 0.000000 0.000000 0.056071
0.000000 0.008167 0.000000 0.000000 0.036304
0.000000 0.005306 0.000000 0.000000 0.004196
0.000000 0.002289 0.000000 0.000000 0.000000
0.003710 0.000000 0.001496 0.000000 0.000000
0.000000 0.000000 0.000000 0.000000 0.000000
0.000000 0.000000 0.000000 0.000000 0.000000
0.000000 0.000000 0.000000 0.000000 0.000000
0.000000 0.000000 0.000000 0.000000 0.000000
0.000000 0.000000 0.000000 0.000000 0.000000
0.000000 0.000000 0.000000 0.000000 0.000000
0.000000 0.000000 0.000000 0.000000 0.000000
0.000000 0.000000 0.000000 0.000000 0.000000
0.003537 0.000000 0.001426 0.000000 0.000000
0.009455 0.000000 0.001447 0.000000 0.011635
0.040386 0.000000 0.007957 0.000000 0.033688
0.079650 0.000000 0.006024 0.000000 0.058373
0.100402 0.002814 0.000000 0.009199 0.086875
0.065684 0.078845 0.000000 0.070205 0.061289
0.007176 0.127586 0.000000 0.119025 0.000000
0.000000 0.101614 0.065735 0.107616 0.000000
0.000000 0.023236 0.154535 0.049724 0.000000
0.000098 0.000000 0.133506 0.002211 0.030650
0.000000 0.000000 0.032677 0.006487 0.049590
0.000000 0.017390 0.000781 0.000161 0.069281
0.000000 0.041122 0.000000 0.000000 0.089107
0.000000 0.060170 0.000000 0.000000 0.081908
0.000000 0.070506 0.000000 0.000000 0.080756
0.000000 0.057304 0.000000 0.000000 0.088328
0.000000 0.035805 0.000000 0.000000 0.074829
0.000656 0.009531 0.002569 0.000000 0.016888
0.001712 0.005178 0.000000 0.000000 0.004163
0.004326 0.000000 0.001406 0.000000 0.000000
0.000000 0.000000 0.000000 0.000000 0.000000
0.000000 0.000000 0.000000 0.000000 0.000000
0.000000 0.000000 0.000000 0.000000 0.000000
0.000000 0.000000 0.000000 0.000000 0.000000
0.000000 0.000000 0.000000 0.000000 0.000000
0.000000 0.000000 0.000000 0.000000 0.000000
0.000000 0.000000 0.000000 0.000000 0.000000
0.000000 0.000000 0.000000 0.000000 0.000000
0.004026 0.000000 0.001624 0.000000 0.000000
0.019975 0.000000 0.004109 0.000000 0.017362
0.061446 0.000000 0.011540 0.000000 0.029016
0.096912 0.000000 0.001950 0.000000 0.052574
0.096560 0.039790 0.000000 0.025296 0.078842
0.030035 0.117573 0.000000 0.088315 0.052808
0.000000 0.121193 0.024812 0.116527 0.000000
0.000000 0.054430 0.121137 0.088585 0.000000
0.000000 0.000000 0.158809 0.026889 0.018665
0.000000 0.000000 0.072784 0.012541 0.086892
0.000000 0.027014 0.000000 0.011120 0.123552
0.000000 0.060199 0.000000 0.016031 0.160418
0.000000 0.080413 0.000000 0.015742 0.139688
0.000000 0.103269 0.000000 0.005895 0.103105
0.011787 0.111129 0.000000 0.000000 0.071249
0.012730 0.108378 0.000000 0.000000 0.077687
0.018754 0.064453 0.000000 0.000000 0.090556
0.020545 0.026067 0.002140 0.000000 0.035237
0.008207 0.004594 0.000521 0.000000 0.006243
0.008462 0.000000 0.002173 0.000000 0.005686
0.002119 0.000000 0.000284 0.000000 0.003186
0.000000 0.000000 0.000000 0.000000 0.000000
0.000000 0.000000 0.000000 0.000000 0.000000
0.000000 0.000000 0.000000 0.000000 0.000000
0.000000 0.000000 0.000000 0.000000 0.000000
0.000000 0.000000 0.000000 0.000000 0.000000
0.000000 0.000000 0.000000 0.000000 0.000000
0.000000 0.000000 0.000000 0.000000 0.000000
0.007256 0.000000 0.002542 0.000000 0.000965
0.031531 0.000000 0.006708 0.000000 0.019531
0.091871 0.000000 0.012839 0.000000 0.014689
0.116732 0.008185 0.000000 0.000000 0.035499
0.076029 0.086667 0.000000 0.042704 0.081065
0.007665 0.128665 0.000000 0.096490 0.070897
0.000000 0.082994 0.082029 0.106285 0.026995
0.000000 0.000000 0.157019 0.070539 0.014197
0.000000 0.000000 0.097770 0.047068 0.087999
0.000000 0.009743 0.032563 0.048714 0.153233
0.000000 0.053712 0.012937 0.050445 0.184018
0.000000 0.086178 0.019205 0.039558 0.156978
0.013641 0.092035 0.031734 0.029670 0.095698
0.054575 0.095150 0.036678 0.023870 0.066589
0.073152 0.102342 0.026887 0.008075 0.054010
0.070173 0.118747 0.000000 0.000000 0.052668
0.050189 0.090448 0.000000 0.000000 0.072181
0.035235 0.041961 0.000000 0.000000 0.052566
0.030039 0.004278 0.002697 0.000000 0.006913
0.008608 0.000534 0.003178 0.000000 0.004192
0.004389 0.000000 0.000589 0.000000 0.006599
0.000000 0.000000 0.000000 0.000000 0.000000
0.000000 0.000000 0.000000 0.000000 0.000000
0.000000 0.000000 0.000000 0.000000 0.000000
0.000000 0.000000 0.000000 0.000000 0.000000
0.000000 0.000000 0.000000 0.000000 0.000000
0.000000 0.000000 0.000000 0.000000 0.000000
0.000000 0.000000 0.000000 0.000000 0.000000
0.007218 0.000000 0.002531 0.000000 0.000935
0.047452 0.000000 0.010737 0.000000 0.014823
0.103563 0.000000 0.015215 0.000000 0.013513
0.122760 0.043130 0.000000 0.000000 0.018018
0.047970 0.117671 0.000000 0.058577 0.071282
0.000000 0.113806 0.028958 0.098791 0.086992
0.000000 0.035339 0.111659 0.099863 0.059791
0.000000 0.000000 0.118927 0.071339 0.051323
0.000000 0.000000 0.062938 0.059342 0.129571
0.000000 0.038498 0.043109 0.060155 0.174504
0.000000 0.068657 0.065673 0.059254 0.143933
0.035839 0.071968 0.073850 0.065702 0.052386
0.092494 0.055859 0.059528 0.066938 0.000000
0.114394 0.036825 0.070242 0.060685 0.000000
0.101233 0.067792 0.069581 0.033153 0.016411
0.091887 0.106114 0.002258 0.007021 0.045136
0.070846 0.090693 0.000000 0.000000 0.086915
0.053138 0.034844 0.000000 0.000000 0.054697
0.036124 0.000000 0.006130 0.000000 0.019266
0.008333 0.000558 0.002965 0.000000 0.005284
0.002857 0.000000 0.000383 0.000000 0.004295
0.000000 0.000000 0.000000 0.000000 0.000000
0.000000 0.000000 0.000000 0.000000 0.000000
0.000000 0.000000 0.000000 0.000000 0.000000
0.000000 0.000000 0.000000 0.000000 0.000000
0.000000 0.000000 0.000000 0.000000 0.000000
0.000000 0.000000 0.000000 0.000000 0.000000
0.000000 0.000000 0.000000 0.000000 0.000000
0.006594 0.000000 0.002511 0.000000 0.001192
0.049334 0.000000 0.015097 0.000000 0.018165
0.116639 0.014952 0.011273 0.000000 0.008850
0.120272 0.070973 0.001607 0.000000 0.012703
0.044200 0.121484 0.014052 0.061328 0.063049
0.000000 0.090177 0.046495 0.105179 0.096195
0.000000 0.000252 0.102238 0.104930 0.087642
0.000000 0.000000 0.084300 0.092506 0.093551
0.000000 0.023644 0.063263 0.073596 0.148256
0.000000 0.062310 0.074061 0.069093 0.127857
0.047180 0.066721 0.092973 0.075880 0.050439
0.125160 0.020617 0.104498 0.085871 0.000000
0.127122 0.005932 0.077390 0.089368 0.000000
0.112570 0.000099 0.102271 0.077656 0.000000
0.099477 0.051431 0.085270 0.056431 0.000000
0.083787 0.100661 0.000000 0.025755 0.045251
0.089687 0.069007 0.000000 0.000000 0.073231
0.075100 0.011410 0.000000 0.000000 0.060348
0.032079 0.000000 0.006889 0.000000 0.030974
0.010125 0.000000 0.002191 0.000000 0.011915
0.002903 0.000000 0.000458 0.000000 0.003951
0.000000 0.000000 0.000000 0.000000 0.000000
0.000000 0.000000 0.000000 0.000000 0.000000
0.000000 0.000000 0.000000 0.000000 0.000000
0.000000 0.000000 0.000000 0.000000 0.000000
0.000000 0.000000 0.000000 0.000000 0.000000
0.000000 0.000000 0.000000 0.000000 0.000000
0.000000 0.000015 0.000090 0.000000 0.000089
0.003323 0.001202 0.006395 0.000000 0.003053
0.046963 0.005148 0.014267 0.000000 0.002888
0.116108 0.037244 0.011165 0.000000 0.000985
0.115930 0.094838 0.024842 0.000000 0.016751
0.046842 0.114386 0.029329 0.062092 0.058040
0.000000 0.060290 0.052841 0.111896 0.118046
0.000000 0.000000 0.071277 0.117889 0.131024
0.000000 0.000000 0.093938 0.093642 0.109871
0.000000 0.054963 0.083440 0.058463 0.116008
0.039570 0.085341 0.074685 0.042354 0.057874
0.100810 0.055530 0.068266 0.050021 0.000000
0.126981 0.016224 0.072932 0.061486 0.000000
0.100557 0.000000 0.110716 0.054751 0.000000
0.081619 0.011973 0.126497 0.073665 0.000000
0.072337 0.071916 0.061304 0.079543 0.000000
0.077778 0.093233 0.000000 0.043250 0.048595
0.093815 0.039370 0.000000 0.000000 0.084865
0.067619 0.000000 0.003755 0.000000 0.055080
0.024239 0.000000 0.002930 0.000000 0.027828
0.008329 0.000000 0.001279 0.000000 0.009008
0.002821 0.000000 0.000478 0.000000 0.003646
0.000000 0.000000 0.000000 0.000000 0.000000
0.000000 0.000000 0.000000 0.000000 0.000000
0.000000 0.000000 0.000000 0.000000 0.000000
0.000000 0.000000 0.000000 0.000000 0.000000
0.000000 0.000000 0.000000 0.000000 0.000000
0.000000 0.000000 0.000000 0.000000 0.000000
0.000000 0.000005 0.000030 0.000000 0.000030
0.001909 0.004207 0.005725 0.000000 0.001153
0.027431 0.022405 0.003066 0.000000 0.000000
0.101044 0.049486 0.026490 0.000000 0.000000
0.110559 0.101704 0.046087 0.000000 0.010168
0.066975 0.092039 0.050566 0.059942 0.040137
0.000000 0.040101 0.033666 0.117636 0.130894
0.000000 0.000000 0.075021 0.110552 0.146621
0.000000 0.026434 0.106010 0.067828 0.119823
0.015143 0.078707 0.079979 0.029334 0.067037
0.079069 0.090756 0.033755 0.026851 0.018821
0.113049 0.044717 0.047888 0.029237 0.000000
0.126292 0.012135 0.113718 0.019416 0.000000
0.106834 0.017642 0.141092 0.027575 0.000000
0.081786 0.060322 0.085222 0.071445 0.000000
0.075169 0.088986 0.000000 0.086109 0.017189
0.086224 0.057384 0.000000 0.051071 0.063947
0.070068 0.001344 0.000000 0.000000 0.097415
0.031929 0.000000 0.003031 0.000000 0.059103
0.007956 0.000000 0.000000 0.000000 0.016966
0.010174 0.000000 0.001347 0.000000 0.002976
0.001976 0.000000 0.000259 0.000000 0.000519
0.000000 0.000000 0.000000 0.000000 0.000000
0.000000 0.000000 0.000000 0.000000 0.000000
0.000000 0.000000 0.000000 0.000000 0.000000
0.000000 0.000000 0.000000 0.000000 0.000000
0.000000 0.000000 0.000000 0.000000 0.000000
0.000000 0.000000 0.000000 0.000000 0.000000
0.000000 0.000031 0.000180 0.000000 0.000177
0.000387 0.004966 0.008477 0.000000 0.004085
0.010754 0.027198 0.002636 0.000000 0.000000
0.068545 0.062352 0.049513 0.000000 0.000000
0.103476 0.099337 0.064391 0.000000 0.000000
0.094242 0.079906 0.055386 0.052652 0.014068
0.051576 0.036949 0.033064 0.110467 0.094832
0.034470 0.015653 0.088266 0.086189 0.125404
0.046292 0.042273 0.098876 0.040985 0.095996
0.073820 0.076998 0.057770 0.019861 0.045488
0.104602 0.081866 0.040130 0.023975 0.016297
0.112665 0.059745 0.089064 0.013035 0.012326
0.124689 0.044907 0.108005 0.013064 0.000000
0.111074 0.064951 0.074130 0.051486 0.000000
0.087311 0.077260 0.012789 0.090539 0.000699
0.082209 0.052704 0.000000 0.085219 0.036101
0.068428 0.000000 0.000000 0.039165 0.092315
0.036208 0.000000 0.005105 0.012678 0.083094
0.022962 0.000000 0.003267 0.000000 0.041977
0.002822 0.000000 0.000000 0.000000 0.015920
0.001856 0.000000 0.000250 0.000000 0.000662
0.000238 0.000000 0.000022 0.000041 0.000000
0.000000 0.000000 0.000000 0.000000 0.000000
0.000000 0.000000 0.000000 0.000000 0.000000
0.000000 0.000000 0.000000 0.000000 0.000000
0.000000 0.000000 0.000000 0.000000 0.000000
0.000000 0.000000 0.000000 0.000000 0.000000
0.000000 0.000000 0.000000 0.000000 0.000000
0.000000 0.000005 0.000030 0.000000 0.000030
0.000133 0.003224 0.003078 0.000000 0.001475
0.004698 0.029714 0.004669 0.000000 0.000441
0.034428 0.063499 0.055437 0.000000 0.000000
0.079644 0.091574 0.081801 0.000000 0.000000
0.092879 0.093127 0.044091 0.035175 0.000000
0.085404 0.074041 0.037145 0.087369 0.015913
0.083864 0.053743 0.093459 0.082990 0.058210
0.092330 0.061139 0.095817 0.058077 0.071621
0.104497 0.079120 0.071613 0.036522 0.051913
0.106261 0.089348 0.072937 0.021980 0.039608
0.111107 0.084629 0.079146 0.025158 0.015479
0.103878 0.082452 0.053478 0.054564 0.014111
0.089331 0.073148 0.003821 0.090564 0.028236
0.075070 0.036651 0.000000 0.108290 0.048458
0.064203 0.000000 0.000000 0.068326 0.078297
0.030358 0.000000 0.004023 0.027701 0.095301
0.005507 0.000000 0.000000 0.014178 0.073419
0.006288 0.000000 0.000000 0.000086 0.020814
0.000645 0.000038 0.000000 0.000000 0.008952
0.000000 0.000000 0.000000 0.000000 0.000000
0.000000 0.000000 0.000000 0.000000 0.000000
0.000000 0.000000 0.000000 0.000000 0.000000
0.000000 0.000000 0.000000 0.000000 0.000000
0.000000 0.000000 0.000000 0.000000 0.000000
0.000000 0.000000 0.000000 0.000000 0.000000
0.000000 0.000000 0.000000 0.000000 0.000000
0.000000 0.000000 0.000000 0.000000 0.000000
0.000000 0.000000 0.000000 0.000000 0.000000
0.000000 0.003028 0.000000 0.000057 0.002577
0.000000 0.017409 0.001283 0.000000 0.005103
0.005344 0.046433 0.042524 0.000000 0.000000
0.022329 0.082458 0.081046 0.000000 0.000000
0.047839 0.098623 0.068746 0.000439 0.000000
0.071027 0.095085 0.067402 0.050209 0.000000
0.085071 0.082688 0.072415 0.076490 0.011701
0.089050 0.071924 0.078118 0.086838 0.055925
0.084840 0.083997 0.055468 0.074497 0.075696
0.078910 0.088992 0.039086 0.069072 0.082050
0.081070 0.075609 0.025122 0.080012 0.074345
0.074807 0.051424 0.000000 0.098351 0.072590
0.051875 0.013836 0.000000 0.111430 0.079974
0.029645 0.000000 0.000000 0.095386 0.092518
0.002592 0.000000 0.000000 0.045658 0.098205
0.000000 0.000000 0.000000 0.022684 0.077877
0.002760 0.000000 0.000000 0.008058 0.040925
0.006284 0.000000 0.000300 0.000000 0.008894
0.007339 0.000000 0.001610 0.000000 0.000117
0.003611 0.000000 0.000837 0.000000 0.000000
0.000701 0.000000 0.000163 0.000000 0.000000
0.000000 0.000000 0.000000 0.000000 0.000000
0.000000 0.000000 0.000000 0.000000 0.000000
0.000000 0.000000 0.000000 0.000000 0.000000
0.000000 0.000000 0.000000 0.000000 0.000000
0.000000 0.000000 0.000000 0.000000 0.000000
0.000000 0.000000 0.000000 0.000000 0.000000
0.000000 0.000000 0.000000 0.000000 0.000000
0.000000 0.004377 0.000000 0.000176 0.004100
0.000000 0.010531 0.000000 0.000000 0.009677
0.000000 0.020486 0.018573 0.000000 0.013006
0.000000 0.041415 0.068399 0.000000 0.010978
0.000000 0.073992 0.076076 0.000000 0.003947
0.000494 0.104833 0.060859 0.010550 0.000000
0.010561 0.102018 0.044441 0.057594 0.001923
0.018671 0.087139 0.028444 0.095905 0.033556
0.015856 0.073921 0.005053 0.112599 0.089906
0.017543 0.057973 0.000000 0.120081 0.095920
0.011663 0.031722 0.000000 0.121686 0.092799
0.004182 0.001881 0.000000 0.117105 0.099611
0.000000 0.000000 0.000000 0.090254 0.100603
0.000000 0.000000 0.000061 0.058923 0.086912
0.000000 0.000000 0.000000 0.032807 0.081076
0.000000 0.000000 0.000000 0.014981 0.040968
0.000000 0.000000 0.000000 0.001310 0.007986
0.000000 0.000040 0.000000 0.000000 0.000553
0.000000 0.000000 0.000000 0.000000 0.000000
0.000000 0.000000 0.000000 0.000000 0.000000
0.000000 0.000000 0.000000 0.000000 0.000000
0.000000 0.000000 0.000000 0.000000 0.000000
0.000000 0.000000 0.000000 0.000000 0.000000
0.000000 0.000000 0.000000 0.000000 0.000000
0.000000 0.000000 0.000000 0.000000 0.000000
0.000000 0.000000 0.000000 0.000000 0.000000
0.000000 0.000000 0.000000 0.000000 0.000000
0.000000 0.000000 0.000000 0.000000 0.000000
0.000000 0.000000 0.000000 0.000000 0.000000
0.000000 0.000159 0.000532 0.000000 0.000373
0.000000 0.000814 0.019002 0.000000 0.005068
0.000000 0.003342 0.034362 0.000000 0.011180
0.000000 0.012247 0.040429 0.000000 0.017414
0.000000 0.021188 0.050427 0.000000 0.023712
0.000000 0.013098 0.041572 0.018428 0.017810
0.000000 0.000000 0.025119 0.054340 0.027173
0.000000 0.000000 0.011707 0.083877 0.054902
0.000000 0.000000 0.002645 0.099718 0.076119
0.000000 0.000000 0.014072 0.091107 0.077958
0.000000 0.000000 0.011451 0.071032 0.060954
0.000000 0.000000 0.001065 0.049561 0.046936
0.000000 0.000000 0.000000 0.029032 0.035210
0.000000 0.000000 0.000000 0.013175 0.021879
0.000000 0.000655 0.000000 0.004034 0.002666
0.000000 0.000000 0.000000 0.000000 0.000000
0.000000 0.000000 0.000000 0.000000 0.000000
0.000000 0.000000 0.000000 0.000000 0.000000
0.000000 0.000000 0.000000 0.000000 0.000000
0.000000 0.000000 0.000000 0.000000 0.000000
0.000000 0.000000 0.000000 0.000000 0.000000
0.000000 0.000000 0.000000 0.000000 0.000000
0.000000 0.000000 0.000000 0.000000 0.000000
0.000000 0.000000 0.000000 0.000000 0.000000
0.000000 0.000000 0.000000 0.000000 0.000000
0.000000 0.000000 0.000000 0.000000 0.000000
0.000000 0.000000 0.000000 0.000000 0.000000
0.000000 0.000000 0.000000 0.000000 0.000000
0.000000 0.000000 0.000000 0.000000 0.000000
0.000000 0.000284 0.001313 0.000000 0.000253
0.000000 0.001016 0.004698 0.000000 0.000906
0.000000 0.002930 0.007185 0.000000 0.002350
0.000000 0.002799 0.003485 0.000000 0.002107
0.000000 0.000000 0.000000 0.000000 0.000000
0.000000 0.000000 0.002640 0.002286 0.000934
0.000124 0.000000 0.007651 0.013943 0.005415
0.000854 0.000000 0.008538 0.015438 0.007300
0.000000 0.000000 0.006740 0.011475 0.004423
0.000000 0.000000 0.000000 0.011025 0.002767
0.000000 0.000000 0.000000 0.007708 0.002734
0.000000 0.000000 0.000000 0.010197 0.002516
0.000000 0.000666 0.000000 0.006349 0.000207
0.000000 0.000391 0.000000 0.002207 0.000000
0.000000 0.000000 0.000000 0.000000 0.000000
0.000000 0.000000 0.000000 0.000000 0.000000
0.000000 0.000000 0.000000 0.000000 0.000000
0.000000 0.000000 0.000000 0.000000 0.000000
0.000000 0.000000 0.000000 0.000000 0.000000
0.000000 0.000000 0.000000 0.000000 0.000000
0.000000 0.000000 0.000000 0.000000 0.000000
0.000000 0.000000 0.000000 0.000000 0.000000
0.000000 0.000000 0.000000 0.000000 0.000000
0.000000 0.000000 0.000000 0.000000 0.000000
0.000000 0.000000 0.000000 0.000000 0.000000
0.000000 0.000000 0.000000 0.000000 0.000000
0.000000 0.000000 0.000000 0.000000 0.000000
0.000000 0.000000 0.000000 0.000000 0.000000
0.000000 0.000000 0.000000 0.000000 0.000000
0.000000 0.000000 0.000000 0.000000 0.000000
0.000000 0.000000 0.000000 0.000000 0.000000
0.000000 0.000000 0.000000 0.000000 0.000000
0.000000 0.000000 0.000000 0.000000 0.000000
0.000000 0.000000 0.000000 0.000000 0.000000
0.000000 0.000000 0.000000 0.000000 0.000000
0.000000 0.000000 0.000000 0.000000 0.000000
0.000000 0.000000 0.000000 0.000000 0.000000
0.000000 0.000000 0.000000 0.000000 0.000000
0.000000 0.000000 0.000000 0.000000 0.000000
0.000000 0.000000 0.000000 0.000000 0.000000
0.000000 0.000000 0.000000 0.000000 0.000000
0.000000 0.000000 0.000000 0.000000 0.000000
0.000000 0.000000 0.000000 0.000000 0.000000
0.000000 0.000000 0.000000 0.000000 0.000000
0.000000 0.000000 0.000000 0.000000 0.000000
0.000000 0.000000 0.000000 0.000000 0.000000
0.000000 0.000000 0.000000 0.000000 0.000000
0.000000 0.000000 0.000000 0.000000 0.000000
0.000000 0.000000 0.000000 0.000000 0.000000
0.000000 0.000000 0.000000 0.000000 0.000000
0.000000 0.000000 0.000000 0.000000 0.000000
0.000000 0.000000 0.000000 0.000000 0.000000
0.000000 0.000000 0.000000 0.000000 0.000000
0.000000 0.000000 0.000000 0.000000 0.000000
0.000000 0.000000 0.000000 0.000000 0.000000
0.000000 0.000000 0.000000 0.000000 0.000000
0.000000 0.000000 0.000000 0.000000 0.000000
0.000000 0.000000 0.000000 0.000000 0.000000
0.000000 0.000000 0.000000 0.000000 0.000000
0.000000 0.000000 0.000000 0.000000 0.000000
0.000000 0.000000 0.000000 0.000000 0.000000
0.000000 0.000000 0.000000 0.000000 0.000000
0.000000 0.000000 0.000000 0.000000 0.000000
0.000000 0.000000 0.000000 0.000000 0.000000
0.000000 0.000000 0.000000 0.000000 0.000000
0.000000 0.000000 0.000000 0.000000 0.000000
0.000000 0.000000 0.000000 0.000000 0.000000
0.000000 0.000000 0.000000 0.000000 0.000000
0.000000 0.000000 0.000000 0.000000 0.000000
0.000000 0.000000 0.000000 0.000000 0.000000
0.000000 0.000000 0.000000 0.000000 0.000000
0.000000 0.000000 0.000000 0.000000 0.000000
0.000000 0.000000 0.000000 0.000000 0.000000
0.000000 0.000000 0.000000 0.000000 0.000000
0.000000 0.000000 0.000000 0.000000 0.000000
0.000000 0.000000 0.000000 0.000000 0.000000
0.000000 0.000000 0.000000 0.000000 0.000000
0.000000 0.000000 0.000000 0.000000 0.000000
0.000000 0.000000 0.000000 0.000000 0.000000
0.000000 0.000000 0.000000 0.000000 0.000000
0.000000 0.000000 0.000000 0.000000 0.000000
0.000000 0.000000 0.000000 0.000000 0.000000
0.000000 0.000000 0.000000 0.000000 0.000000
0.000000 0.000000 0.000000 0.000000 0.000000
0.000000 0.000000 0.000000 0.000000 0.000000
0.000000 0.000000 0.000000 0.000000 0.000000
0.000000 0.000000 0.000000 0.000000 0.000000
0.000000 0.000000 0.000000 0.000000 0.000000
0.000000 0.000000 0.000000 0.000000 0.000000
0.000000 0.000000 0.000000 0.000000 0.000000
0.000000 0.000000 0.000000 0.000000 0.000000
0.000000 0.000000 0.000000 0.000000 0.000000
0.000000 0.000000 0.000000 0.000000 0.000000
0.000000 0.000000 0.000000 0.000000 0.000000
0.000000 0.000000 0.000000 0.000000 0.000000
0.000000 0.000000 0.000000 0.000000 0.000000
0.000000 0.000000 0.000000 0.000000 0.000000
0.000000 0.000000 0.000000 0.000000 0.000000
0.000000 0.000000 0.000000 0.000000 0.000000
0.000000 0.000000 0.000000 0.000000 0.000000
0.000000 0.000000 0.000000 0.000000 0.000000
0.000000 0.000000 0.000000 0.000000 0.000000
0.000000 0.000000 0.000000 0.000000 0.000000
0.000000 0.000000 0.000000 0.000000 0.000000
0.000000 0.000000 0.000000 0.000000 0.000000
0.000000 0.000000 0.000000 0.000000 0.000000
0.000000 0.000000 0.000000 0.000000 0.000000
0.000000 0.000000 0.000000 0.000000 0.000000
0.000000 0.000000 0.000000 0.000000 0.000000
0.000000 0.000000 0.000000 0.000000 0.000000
0.000000 0.000000 0.000000 0.000000 0.000000
0.000000 0.000000 0.000000 0.000000 0.000000
0.000000 0.000000 0.000000 0.000000 0.000000
0.000000 0.000000 0.000000 0.000000 0.000000
0.000000 0.000000 0.000000 0.000000 0.000000
0.000000 0.000000 0.000000 0.000000 0.000000
0.000000 0.000000 0.000000 0.000000 0.000000
0.000000 0.000000 0.000000 0.000000 0.000000
0.000000 0.000000 0.000000 0.000000 0.000000
0.000000 0.000000 0.000000 0.000000 0.000000
0.000000 0.000000 0.000000 0.000000 0.000000
0.000000 0.000000 0.000000 0.000000 0.000000
0.000000 0.000000 0.000000 0.000000 0.000000
0.000000 0.000000 0.000000 0.000000 0.000000
0.000000 0.000000 0.000000 0.000000 0.000000
0.000000 0.000000 0.000000 0.000000 0.000000
0.000000 0.000000 0.000000 0.000000 0.000000
0.000000 0.000000 0.000000 0.000000 0.000000
0.000000 0.000000 0.000000 0.000000 0.000000
0.000000 0.000000 0.000000 0.000000 0.000000
0.000000 0.000000 0.000000 0.000000 0.000000
0.000000 0.000000 0.000000 0.000000 0.000000
0.000000 0.000000 0.000000 0.000000 0.000000
