0.000000 0.000000 0.000000 0.000000 0.000000
0.000000 0.000000 0.000000 0.000000 0.000000
0.000000 0.000000 0.000000 0.000000 0.000000
0.000000 0.000000 0.000000 0.000000 0.000000
0.000000 0.000000 0.000000 0.000000 0.000000
0.000000 0.000000 0.000000 0.000000 0.000000
0.000000 0.000000 0.000000 0.000000 0.000000
0.000000 0.000000 0.000000 0.000000 0.000000
0.000000 0.000000 0.000000 0.000000 0.000000
0.000000 0.000000 0.000000 0.000000 0.000000
0.000000 0.000000 0.000000 0.000000 0.000000
0.000000 0.000000 0.000000 0.000000 0.000000
0.000000 0.000000 0.000000 0.000000 0.000000
0.000000 0.000000 0.000000 0.000000 0.000000
0.000000 0.000000 0.000000 0.000000 0.000000
0.000000 0.000000 0.000000 0.000000 0.000000
0.000000 0.000000 0.000000 0.000000 0.000000
0.000000 0.000000 0.000000 0.000000 0.000000
0.000000 0.000000 0.000000 0.000000 0.000000
0.000000 0.000000 0.000000 0.000000 0.000000
0.000000 0.000000 0.000000 0.000000 0.000000
0.000000 0.000000 0.000000 0.000000 0.000000
0.000000 0.000000 0.000000 0.000000 0.000000
0.000000 0.000000 0.000000 0.000000 0.000000
0.000000 0.000000 0.000000 0.000000 0.000000
0.000000 0.000000 0.000000 0.000000 0.000000
0.000000 0.000000 0.000000 0.000000 0.000000
0.000000 0.000000 0.000000 0.000000 0.000000
0.000000 0.000000 0.000000 0.000000 0.000000
0.000000 0.000000 0.000000 0.000000 0.000000
0.000000 0.000000 0.000000 0.000000 0.000000
0.000000 0.000000 0.000000 0.000000 0.000000
0.000000 0.000000 0.000000 0.000000 0.000000
0.000000 0.000000 0.000000 0.000000 0.000000
0.000000 0.000000 0.000000 0.000000 0.000000
0.000000 0.000000 0.000000 0.000000 0.000000
0.000000 0.000000 0.000000 0.000000 0.000000
0.000000 0.000000 0.000000 0.000000 0.000000
0.000000 0.000000 0.000000 0.000000 0.000000
0.000000 0.000000 0.000000 0.000000 0.000000
0.000000 0.000000 0.000000 0.000000 0.000000
0.000000 0.000000 0.000000 0.000000 0.000000
0.000000 0.000000 0.000000 0.000000 0.000000
0.000000 0.000000 0.000000 0.000000 0.000000
0.000000 0.000000 0.000000 0.000000 0.000000
0.000000 0.000000 0.000000 0.000000 0.000000
0.000000 0.000000 0.000000 0.000000 0.000000
0.000000 0.000000 0.000000 0.000000 0.000000
0.000000 0.000000 0.000000 0.000000 0.000000
0.000000 0.000000 0.000000 0.000000 0.000000
0.000000 0.000000 0.000000 0.000000 0.000000
0.000000 0.000000 0.000000 0.000000 0.000000
0.000000 0.000000 0.000000 0.000000 0.000000
0.000000 0.000000 0.000000 0.000000 0.000000
0.000000 0.000000 0.000000 0.000000 0.000000
0.000000 0.000000 0.000000 0.000000 0.000000
0.000000 0.000000 0.000000 0.000000 0.000000
0.000000 0.000000 0.000000 0.000000 0.000000
0.000000 0.000000 0.000000 0.000000 0.000000
0.000000 0.000000 0.000000 0.000000 0.000000
0.000000 0.000000 0.000000 0.000000 0.000000
0.000000 0.000000 0.000000 0.000000 0.000000
0.000000 0.000000 0.000000 0.000000 0.000000
0.000000 0.000000 0.000000 0.000000 0.000000
0.000000 0.000000 0.000000 0.000000 0.000000
0.000000 0.000000 0.000000 0.000000 0.000000
0.000000 0.000000 0.000000 0.000000 0.000000
0.000000 0.000000 0.000000 0.000000 0.000000
0.000000 0.000000 0.000000 0.000000 0.000000
0.000000 0.000000 0.000000 0.000000 0.000000
0.000000 0.000000 0.000000 0.000000 0.000000
0.000000 0.000000 0.000000 0.000000 0.000000
0.000000 0.000000 0.000000 0.000000 0.000000
0.000000 0.000000 0.000000 0.000000 0.000000
0.000000 0.000000 0.000000 0.000000 0.000000
0.000000 0.000000 0.000000 0.000000 0.000000
0.000000 0.000000 0.000000 0.000000 0.000000
0.000000 0.000000 0.000000 0.000000 0.000000
0.000000 0.000000 0.000000 0.000000 0.000000
0.000000 0.000000 0.000000 0.000000 0.000000
0.000000 0.000000 0.000000 0.000000 0.000000
0.000000 0.000000 0.000000 0.000000 0.000000
0.000000 0.000000 0.000000 0.000000 0.000000
0.000000 0.000000 0.000000 0.000000 0.000000
0.000000 0.000000 0.000000 0.000000 0.000000
0.000000 0.000000 0.000000 0.000000 0.000000
0.000000 0.000000 0.000000 0.000000 0.000000
0.000000 0.000000 0.000000 0.000000 0.000000
0.000000 0.000000 0.000000 0.000000 0.000000
0.000000 0.000000 0.000000 0.000000 0.000000
0.000000 0.000000 0.000000 0.000000 0.000000
0.000000 0.000000 0.000000 0.000000 0.000000
0.000000 0.000000 0.000000 0.000000 0.000000
0.000000 0.000000 0.000000 0.000000 0.000000
0.000000 0.000000 0.000000 0.000000 0.000000
0.000000 0.000000 0.000000 0.000000 0.000000
0.002299 0.002410 0.000000 0.000000 0.000000
0.002269 0.000316 0.000000 0.000288 0.000000
0.004384 0.000000 0.000000 0.001228 0.000000
0.005063 0.000000 0.000000 0.001418 0.000000
0.005940 0.000000 0.000000 0.001663 0.000000
0.004384 0.000000 0.000000 0.001228 0.000000
0.004384 0.000000 0.000000 0.001228 0.000000
0.003026 0.000000 0.000000 0.000847 0.000000
0.001562 0.000000 0.000061 0.000088 0.000000
0.005536 0.000000 0.000059 0.000463 0.000000
0.003156 0.000000 0.000000 0.000709 0.000000
0.002612 0.000000 0.000000 0.000964 0.000425
0.002183 0.000000 0.000000 0.000806 0.000355
0.000000 0.000000 0.000000 0.000000 0.000000
0.000000 0.000000 0.000000 0.000000 0.000000
0.000000 0.000000 0.000000 0.000000 0.000000
0.000000 0.000000 0.000000 0.000000 0.000000
0.000000 0.000000 0.000000 0.000000 0.000000
0.000000 0.000000 0.000000 0.000000 0.000000
0.000000 0.000000 0.000000 0.000000 0.000000
0.000000 0.000000 0.000000 0.000000 0.000000
0.000000 0.000000 0.000000 0.000000 0.000000
0.000000 0.000000 0.000000 0.000000 0.000000
0.000000 0.000000 0.000000 0.000000 0.000000
0.000481 0.000000 0.006938 0.000000 0.001772
0.000806 0.000000 0.020028 0.000000 0.005500
0.001379 0.000000 0.033228 0.000000 0.008014
0.006532 0.000000 0.029341 0.000000 0.004726
0.014850 0.000000 0.032157 0.000000 0.000565
0.017869 0.000000 0.024006 0.000616 0.000000
0.015285 0.000000 0.018668 0.004059 0.000000
0.028141 0.000000 0.010598 0.003792 0.000000
0.046882 0.000000 0.000000 0.002563 0.000000
0.055594 0.000000 0.000000 0.001256 0.000000
0.061339 0.000000 0.000000 0.000398 0.000000
0.068633 0.000000 0.000000 0.000945 0.000000
0.081977 0.000000 0.000000 0.000000 0.000000
0.061106 0.000000 0.000000 0.000000 0.000000
0.036105 0.000000 0.000824 0.000000 0.001025
0.017180 0.000000 0.000000 0.000000 0.004690
0.006420 0.000000 0.000000 0.000756 0.001604
0.000000 0.000000 0.000000 0.000000 0.000000
0.000000 0.000000 0.000000 0.000000 0.000000
0.000000 0.000000 0.000000 0.000000 0.000000
0.000000 0.000000 0.000000 0.000000 0.000000
0.000000 0.000000 0.000000 0.000000 0.000000
0.000000 0.000000 0.000000 0.000000 0.000000
0.000000 0.000000 0.000000 0.000000 0.000000
0.000000 0.000000 0.000000 0.000000 0.000000
0.000000 0.000000 0.000727 0.000000 0.000024
0.000000 0.000000 0.018152 0.000000 0.000735
0.000000 0.000000 0.024706 0.000000 0.001439
0.000000 0.000000 0.038151 0.000000 0.005037
0.000000 0.000000 0.055029 0.000000 0.008156
0.000402 0.000000 0.068897 0.000000 0.003147
0.008938 0.009681 0.073076 0.000000 0.000000
0.020216 0.014406 0.082800 0.000000 0.000000
0.036799 0.012621 0.095450 0.000000 0.000000
0.068439 0.017516 0.093172 0.000127 0.000000
0.101017 0.027353 0.067805 0.000000 0.000000
0.114088 0.032774 0.053518 0.000000 0.000000
0.115152 0.050107 0.036998 0.000000 0.000000
0.111419 0.051571 0.017863 0.000000 0.000000
0.102221 0.041737 0.000094 0.000000 0.000000
0.100664 0.033875 0.000000 0.000000 0.011998
0.078237 0.023740 0.000000 0.000000 0.033742
0.048140 0.031062 0.000000 0.000000 0.039550
0.025470 0.031154 0.000000 0.000000 0.043699
0.008680 0.024197 0.000000 0.000000 0.024880
0.000000 0.005827 0.000000 0.000000 0.006119
0.000000 0.000000 0.000000 0.000000 0.000000
0.000000 0.000000 0.000000 0.000000 0.000000
0.000000 0.000000 0.000000 0.000000 0.000000
0.000000 0.000000 0.000000 0.000000 0.000000
0.000000 0.000000 0.000000 0.000000 0.000000
0.000000 0.000000 0.000000 0.000000 0.000000
0.000000 0.000000 0.000000 0.000000 0.000000
0.000000 0.000000 0.001643 0.000000 0.000089
0.000000 0.000000 0.032981 0.000000 0.001830
0.000000 0.000000 0.049758 0.000000 0.003255
0.000000 0.000000 0.086689 0.000000 0.006374
0.000000 0.000000 0.122716 0.000000 0.003525
0.000000 0.012306 0.122872 0.002639 0.000000
0.009381 0.026236 0.128631 0.001993 0.000000
0.033132 0.033504 0.123582 0.002327 0.000000
0.074325 0.042136 0.110697 0.000000 0.000000
0.123851 0.060379 0.081721 0.000000 0.000000
0.128368 0.070070 0.078541 0.000000 0.000000
0.112320 0.080870 0.068474 0.000000 0.013489
0.092259 0.079844 0.057985 0.000000 0.045849
0.076246 0.074631 0.054382 0.000000 0.072226
0.056337 0.083265 0.041655 0.000000 0.086220
0.038672 0.078401 0.003988 0.000000 0.103788
0.022699 0.056242 0.000000 0.000000 0.119722
0.007687 0.043758 0.000000 0.000000 0.112977
0.001463 0.035627 0.000000 0.000000 0.087050
0.000000 0.040981 0.000000 0.000000 0.042651
0.000000 0.009598 0.000000 0.000000 0.009378
0.000000 0.000000 0.000000 0.000000 0.000000
0.000000 0.000000 0.000000 0.000000 0.000000
0.000000 0.000000 0.000000 0.000000 0.000000
0.000000 0.000000 0.000000 0.000000 0.000000
0.000000 0.000000 0.000000 0.000000 0.000000
0.000000 0.000000 0.000000 0.000000 0.000000
0.000000 0.000000 0.000000 0.000000 0.000000
0.000000 0.000000 0.005996 0.000000 0.000415
0.000000 0.000000 0.034811 0.000000 0.002089
0.000000 0.000000 0.081457 0.000000 0.004297
0.000000 0.000000 0.121244 0.000000 0.005385
0.000000 0.005223 0.136675 0.000162 0.000000
0.000000 0.044081 0.128962 0.001104 0.000000
0.011251 0.069000 0.108422 0.001285 0.000000
0.055560 0.093784 0.078513 0.000000 0.000000
0.105210 0.110421 0.047133 0.000000 0.000000
0.109797 0.104154 0.033697 0.000000 0.021751
0.095606 0.091430 0.034743 0.000000 0.058846
0.054906 0.089423 0.053367 0.000000 0.110736
0.013270 0.084870 0.058620 0.000000 0.140789
0.000000 0.074252 0.061969 0.000000 0.144191
0.000000 0.082337 0.037878 0.000000 0.141450
0.000000 0.077199 0.020635 0.000000 0.145897
0.000000 0.047551 0.006202 0.000590 0.142752
0.000000 0.025475 0.001584 0.018233 0.126666
0.000000 0.025635 0.000000 0.035201 0.085388
0.000000 0.026653 0.000000 0.039878 0.024948
0.000000 0.016792 0.000000 0.023340 0.009062
0.000000 0.006086 0.000000 0.000786 0.005322
0.000000 0.000000 0.000000 0.000000 0.000000
0.000000 0.000000 0.000000 0.000000 0.000000
0.000000 0.000000 0.000000 0.000000 0.000000
0.000000 0.000000 0.000000 0.000000 0.000000
0.000000 0.000000 0.000000 0.000000 0.000000
0.000000 0.000000 0.000000 0.000000 0.000000
0.000000 0.000000 0.009561 0.000000 0.000662
0.000000 0.000000 0.031338 0.000000 0.001133
0.000000 0.000000 0.086390 0.000000 0.003213
0.000000 0.006008 0.117532 0.000000 0.004239
0.000000 0.044032 0.107376 0.000000 0.001039
0.000000 0.075749 0.095960 0.000000 0.000000
0.040167 0.122163 0.044372 0.000000 0.000000
0.089113 0.132032 0.000000 0.000000 0.007378
0.104035 0.116840 0.000000 0.000000 0.043772
0.074134 0.082001 0.000000 0.006153 0.103167
0.022937 0.072447 0.005161 0.020382 0.124701
0.000000 0.054336 0.025750 0.019799 0.140930
0.000000 0.044574 0.025847 0.029694 0.128772
0.000000 0.036007 0.023879 0.050019 0.117104
0.000000 0.036112 0.020851 0.071137 0.097527
0.000000 0.034803 0.013636 0.097398 0.086488
0.000000 0.025859 0.000375 0.108592 0.065616
0.000000 0.008251 0.003786 0.114413 0.050524
0.000000 0.005634 0.003364 0.113220 0.026029
0.000000 0.007780 0.003009 0.096261 0.000000
0.000000 0.003596 0.000000 0.077789 0.000000
0.000000 0.000000 0.000000 0.006969 0.003452
0.000000 0.000000 0.000000 0.000000 0.000000
0.000000 0.000000 0.000000 0.000000 0.000000
0.000000 0.000000 0.000000 0.000000 0.000000
0.000000 0.000000 0.000000 0.000000 0.000000
0.000000 0.000000 0.000000 0.000000 0.000000
0.000000 0.000000 0.001188 0.000000 0.000082
0.000000 0.000000 0.012262 0.000000 0.000849
0.000000 0.000000 0.026956 0.000000 0.000235
0.000000 0.005864 0.071635 0.000000 0.003150
0.000000 0.022697 0.115269 0.000000 0.003836
0.000000 0.045641 0.122167 0.000000 0.003435
0.010555 0.102804 0.071978 0.000000 0.000000
0.077678 0.126880 0.006914 0.000000 0.007834
0.107056 0.094206 0.000000 0.000000 0.046486
0.094651 0.047401 0.000000 0.039679 0.093121
0.038889 0.018850 0.000000 0.087837 0.116885
0.000000 0.023056 0.000000 0.105120 0.087354
0.000000 0.024284 0.000000 0.109899 0.065418
0.000000 0.027519 0.000000 0.128731 0.043539
0.000000 0.023381 0.000000 0.141998 0.030842
0.000000 0.025291 0.000000 0.143504 0.011333
0.000000 0.022349 0.000000 0.143246 0.000000
0.000000 0.021820 0.000000 0.133114 0.000000
0.000000 0.012134 0.000000 0.117445 0.000000
0.000000 0.009373 0.000000 0.100110 0.000000
0.000000 0.003854 0.000174 0.080188 0.000000
0.000000 0.000717 0.000861 0.042776 0.000000
0.000022 0.000156 0.000000 0.004294 0.000000
0.000000 0.000000 0.000000 0.000000 0.000000
0.000000 0.000000 0.000000 0.000000 0.000000
0.000000 0.000000 0.000000 0.000000 0.000000
0.000000 0.000000 0.000000 0.000000 0.000000
0.000000 0.000000 0.000000 0.000000 0.000000
0.000000 0.000000 0.003889 0.000000 0.000269
0.000000 0.000000 0.014099 0.000000 0.000954
0.000000 0.007360 0.011662 0.000000 0.000000
0.000000 0.019168 0.043105 0.000169 0.000000
0.000000 0.032960 0.098745 0.000000 0.003494
0.003307 0.055624 0.111700 0.000000 0.000000
0.042891 0.090992 0.071597 0.000000 0.015172
0.093694 0.086787 0.010292 0.000000 0.061497
0.100019 0.049684 0.000000 0.039770 0.096039
0.080563 0.000000 0.000000 0.108595 0.111469
0.042041 0.000000 0.000000 0.140411 0.055864
0.015257 0.009683 0.000000 0.148295 0.007707
0.004334 0.017490 0.000000 0.138594 0.000000
0.000000 0.023336 0.000000 0.123437 0.000000
0.000000 0.018886 0.000000 0.112172 0.000000
0.000433 0.017611 0.000000 0.086192 0.000000
0.001147 0.012187 0.000000 0.065012 0.000000
0.000000 0.007174 0.000000 0.054227 0.000000
0.000000 0.006204 0.000000 0.041728 0.000000
0.000655 0.000000 0.000000 0.030866 0.000000
0.000458 0.000000 0.000000 0.021185 0.000000
0.000370 0.000000 0.000000 0.009731 0.000000
0.000000 0.000000 0.000000 0.000000 0.000000
0.000000 0.000000 0.000000 0.000000 0.000000
0.000000 0.000000 0.000000 0.000000 0.000000
0.000000 0.000000 0.000000 0.000000 0.000000
0.000000 0.000000 0.000000 0.000000 0.000000
0.000000 0.000000 0.000000 0.000000 0.000000
0.000000 0.000000 0.007994 0.000000 0.000554
0.000000 0.000000 0.015193 0.000000 0.000973
0.000000 0.017167 0.008866 0.000628 0.000000
0.000000 0.031373 0.031220 0.000553 0.000000
0.000000 0.052349 0.065829 0.000729 0.000000
0.017749 0.078714 0.080680 0.000000 0.007759
0.069858 0.075191 0.056752 0.000000 0.062093
0.088004 0.057406 0.024004 0.034992 0.098842
0.092297 0.012221 0.006265 0.098694 0.110020
0.096190 0.000000 0.014920 0.128323 0.074316
0.085808 0.000000 0.014763 0.095340 0.016769
0.082506 0.000000 0.015446 0.072470 0.000000
0.066261 0.000000 0.024636 0.050616 0.000000
0.038330 0.000000 0.027878 0.030055 0.000000
0.010667 0.011064 0.018659 0.021600 0.000000
0.005860 0.007640 0.016681 0.015710 0.000000
0.002769 0.000148 0.002999 0.007785 0.000000
0.000505 0.000000 0.000000 0.007977 0.000000
0.000424 0.000000 0.000000 0.006241 0.000000
0.000448 0.000137 0.000000 0.004466 0.000000
0.000454 0.000493 0.000000 0.001909 0.000000
0.000007 0.000000 0.000000 0.000094 0.000000
0.000000 0.000000 0.000000 0.000000 0.000000
0.000000 0.000000 0.000000 0.000000 0.000000
0.000000 0.000000 0.000000 0.000000 0.000000
0.000000 0.000000 0.000000 0.000000 0.000000
0.000000 0.000000 0.000000 0.000000 0.000000
0.000000 0.000000 0.000000 0.000000 0.000000
0.000000 0.000000 0.009021 0.000000 0.000625
0.000000 0.000000 0.017686 0.000000 0.000811
0.000000 0.016872 0.021330 0.000000 0.000000
0.000000 0.032354 0.045309 0.000000 0.000000
0.007896 0.056359 0.045165 0.005355 0.000171
0.039675 0.081792 0.055261 0.004621 0.026201
0.072265 0.077151 0.053164 0.040888 0.083927
0.079716 0.057833 0.049997 0.075492 0.108256
0.078883 0.000000 0.060981 0.099721 0.116775
0.090552 0.000000 0.085242 0.061374 0.105933
0.101314 0.000000 0.068339 0.017778 0.074199
0.107074 0.000000 0.063546 0.006715 0.047331
0.104157 0.000000 0.061206 0.002845 0.029529
0.082561 0.000000 0.060840 0.000000 0.011448
0.044300 0.004230 0.058780 0.000235 0.000000
0.010167 0.016247 0.049220 0.004220 0.000000
0.005763 0.010513 0.029423 0.001965 0.000000
0.000230 0.001545 0.006012 0.000607 0.000000
0.000835 0.001250 0.000000 0.000967 0.000000
0.000458 0.000686 0.000000 0.000531 0.000000
0.000023 0.000034 0.000000 0.000026 0.000000
0.000000 0.000000 0.000000 0.000000 0.000000
0.000000 0.000000 0.000000 0.000000 0.000000
0.000000 0.000000 0.000000 0.000000 0.000000
0.000000 0.000000 0.000000 0.000000 0.000000
0.000000 0.000000 0.000000 0.000000 0.000000
0.000000 0.000000 0.000000 0.000000 0.000000
0.000000 0.000000 0.000000 0.000000 0.000000
0.000000 0.000000 0.001296 0.000000 0.000090
0.000264 0.000464 0.015169 0.000000 0.000225
0.000000 0.009489 0.022423 0.000000 0.001182
0.000000 0.032978 0.047369 0.001814 0.001098
0.016157 0.064349 0.035819 0.011944 0.000000
0.044287 0.085824 0.027650 0.038604 0.019442
0.060440 0.094766 0.037713 0.087433 0.056629
0.057562 0.091180 0.036501 0.119212 0.082481
0.045468 0.060919 0.070040 0.096426 0.101697
0.039735 0.026674 0.090034 0.058282 0.119498
0.046013 0.010496 0.092084 0.028995 0.126245
0.063585 0.000000 0.086204 0.022686 0.120853
0.088193 0.000000 0.084612 0.015163 0.098404
0.097451 0.000000 0.084047 0.006569 0.062611
0.085687 0.000000 0.084144 0.000000 0.014563
0.033635 0.005784 0.088527 0.000000 0.000000
0.005670 0.013012 0.063000 0.000764 0.000000
0.000000 0.007330 0.025885 0.000000 0.001581
0.000000 0.000138 0.001804 0.000000 0.000990
0.000000 0.000000 0.000000 0.000000 0.000000
0.000000 0.000000 0.000000 0.000000 0.000000
0.000000 0.000000 0.000000 0.000000 0.000000
0.000000 0.000000 0.000000 0.000000 0.000000
0.000000 0.000000 0.000000 0.000000 0.000000
0.000000 0.000000 0.000000 0.000000 0.000000
0.000000 0.000000 0.000000 0.000000 0.000000
0.000000 0.000000 0.000000 0.000000 0.000000
0.000000 0.000000 0.000000 0.000000 0.000000
0.000000 0.000000 0.000000 0.000000 0.000000
0.000000 0.005058 0.000885 0.000000 0.001010
0.000000 0.014095 0.012825 0.000000 0.000670
0.003156 0.025952 0.030282 0.002291 0.004315
0.017672 0.041637 0.028934 0.014153 0.009544
0.027586 0.083489 0.021818 0.065552 0.010651
0.044797 0.104133 0.020796 0.118012 0.014971
0.034369 0.114736 0.017198 0.143409 0.016387
0.019450 0.140060 0.014868 0.142687 0.009222
0.012745 0.134504 0.021825 0.125348 0.004597
0.011099 0.107253 0.041012 0.102664 0.027941
0.017639 0.065802 0.053736 0.080325 0.064652
0.044345 0.028337 0.054653 0.058872 0.096661
0.099164 0.000000 0.049916 0.027725 0.104966
0.109933 0.000000 0.064234 0.008225 0.050572
0.084552 0.000000 0.099072 0.000000 0.000000
0.019456 0.000000 0.108908 0.000000 0.000000
0.000000 0.006672 0.060984 0.000000 0.002157
0.000000 0.002948 0.020506 0.000000 0.004402
0.000000 0.000000 0.000695 0.000000 0.000409
0.000000 0.000000 0.000000 0.000000 0.000000
0.000000 0.000000 0.000000 0.000000 0.000000
0.000000 0.000000 0.000000 0.000000 0.000000
0.000000 0.000000 0.000000 0.000000 0.000000
0.000000 0.000000 0.000000 0.000000 0.000000
0.000000 0.000000 0.000000 0.000000 0.000000
0.000000 0.000000 0.000000 0.000000 0.000000
0.000000 0.000000 0.000327 0.000000 0.008310
0.000000 0.000000 0.000380 0.000533 0.008404
0.000000 0.004066 0.000000 0.001722 0.007590
0.000000 0.010284 0.004386 0.002931 0.003648
0.000000 0.025268 0.010192 0.003345 0.001143
0.008717 0.038272 0.018264 0.014334 0.008031
0.016133 0.069626 0.011787 0.041355 0.010372
0.016304 0.087677 0.011339 0.086654 0.003759
0.009721 0.103629 0.000000 0.105990 0.000000
0.000000 0.126864 0.000000 0.106830 0.000000
0.000000 0.142086 0.000000 0.098563 0.000000
0.000000 0.136487 0.000358 0.090536 0.000000
0.000000 0.113046 0.011867 0.077522 0.000000
0.013486 0.079956 0.017599 0.073202 0.039466
0.067695 0.019641 0.013497 0.051458 0.107384
0.114392 0.000000 0.023924 0.016645 0.097527
0.106377 0.000000 0.088538 0.000000 0.012089
0.045344 0.000000 0.116312 0.000000 0.000000
0.000000 0.000000 0.107773 0.000000 0.006672
0.000000 0.000293 0.044277 0.000000 0.007713
0.000000 0.000003 0.007626 0.000000 0.004003
0.000000 0.000000 0.000000 0.000000 0.000000
0.000000 0.000000 0.000000 0.000000 0.000000
0.000000 0.000000 0.000000 0.000000 0.000000
0.000000 0.000000 0.000000 0.000000 0.000000
0.000000 0.000000 0.000000 0.000000 0.000000
0.000000 0.000000 0.000000 0.000000 0.000000
0.000000 0.000000 0.000000 0.000000 0.000000
0.000000 0.000000 0.000169 0.000525 0.008977
0.000000 0.000000 0.003533 0.000713 0.040592
0.000000 0.000000 0.005315 0.000000 0.054536
0.000000 0.008015 0.000000 0.015642 0.013852
0.000000 0.022210 0.000000 0.020385 0.004483
0.004664 0.036854 0.010852 0.020750 0.000000
0.012996 0.063173 0.000000 0.028908 0.000000
0.012795 0.071605 0.001198 0.033174 0.000000
0.003799 0.074518 0.006231 0.023164 0.000000
0.000000 0.069794 0.004561 0.023777 0.000000
0.000000 0.071287 0.000000 0.044391 0.000000
0.000000 0.089668 0.000000 0.064707 0.000000
0.000000 0.101956 0.000000 0.077181 0.000000
0.003494 0.098162 0.000000 0.085054 0.030543
0.052044 0.060785 0.000000 0.060712 0.097526
0.107079 0.020572 0.000000 0.021690 0.084151
0.105350 0.004334 0.064343 0.000000 0.023991
0.052772 0.000000 0.125216 0.000000 0.000000
0.000000 0.000000 0.114668 0.000000 0.004807
0.000000 0.000000 0.061148 0.000000 0.011910
0.000000 0.000000 0.012957 0.000000 0.006319
0.000000 0.000000 0.000000 0.000000 0.000000
0.000000 0.000000 0.000000 0.000000 0.000000
0.000000 0.000000 0.000000 0.000000 0.000000
0.000000 0.000000 0.000000 0.000000 0.000000
0.000000 0.000000 0.000000 0.000000 0.000000
0.000000 0.000000 0.000000 0.000000 0.000000
0.000000 0.000000 0.000000 0.000000 0.000000
0.000171 0.000000 0.000000 0.000815 0.005714
0.000000 0.000000 0.008334 0.000000 0.056784
0.000000 0.000000 0.009657 0.000424 0.071205
0.000000 0.000000 0.009088 0.036492 0.037479
0.005189 0.000000 0.004598 0.055579 0.014298
0.010347 0.006589 0.009295 0.045364 0.000000
0.010736 0.034137 0.009143 0.024156 0.000000
0.008196 0.043444 0.006228 0.011549 0.000000
0.002226 0.033667 0.007478 0.006616 0.000000
0.000000 0.013676 0.003775 0.012526 0.002534
0.000000 0.011198 0.000000 0.037036 0.002201
0.000000 0.034592 0.000000 0.060708 0.010262
0.000000 0.069204 0.000000 0.087070 0.026383
0.015670 0.083550 0.000000 0.097931 0.063465
0.071834 0.065952 0.000000 0.054461 0.099098
0.102976 0.061277 0.000000 0.011116 0.061919
0.100571 0.034568 0.045933 0.000000 0.000491
0.036898 0.000000 0.129201 0.000000 0.000000
0.000371 0.000000 0.136574 0.000000 0.005344
0.000000 0.000000 0.073189 0.000000 0.014430
0.000000 0.000000 0.020557 0.000000 0.007353
0.000000 0.000000 0.000000 0.000000 0.000000
0.000000 0.000000 0.000000 0.000000 0.000000
0.000000 0.000000 0.000000 0.000000 0.000000
0.000000 0.000000 0.000000 0.000000 0.000000
0.000000 0.000000 0.000000 0.000000 0.000000
0.000000 0.000000 0.000000 0.000000 0.000000
0.000000 0.000000 0.000000 0.000000 0.000000
0.000029 0.000000 0.000000 0.000072 0.000353
0.000000 0.000000 0.004771 0.000000 0.043641
0.000807 0.000000 0.016480 0.010125 0.077720
0.012028 0.000000 0.029645 0.065235 0.075746
0.023957 0.000000 0.023588 0.085532 0.049442
0.021418 0.000000 0.011784 0.058214 0.016176
0.018464 0.000000 0.017246 0.046204 0.000000
0.009949 0.006398 0.007094 0.038038 0.000000
0.002150 0.008965 0.000209 0.034193 0.000000
0.000000 0.008246 0.000000 0.048829 0.000000
0.000000 0.008065 0.000000 0.078221 0.008028
0.000000 0.016497 0.000000 0.102574 0.035609
0.002064 0.033889 0.000000 0.111600 0.085655
0.046082 0.054028 0.000000 0.074338 0.111741
0.091898 0.059824 0.000000 0.028119 0.090011
0.112140 0.078498 0.000000 0.000000 0.026388
0.087098 0.051275 0.055827 0.000000 0.000000
0.021095 0.006168 0.130983 0.000000 0.000000
0.000000 0.000000 0.140616 0.000000 0.006578
0.000000 0.000000 0.076441 0.000000 0.013329
0.000000 0.000000 0.019071 0.000000 0.005944
0.000000 0.000000 0.000000 0.000000 0.000000
0.000000 0.000000 0.000000 0.000000 0.000000
0.000000 0.000000 0.000000 0.000000 0.000000
0.000000 0.000000 0.000000 0.000000 0.000000
0.000000 0.000000 0.000000 0.000000 0.000000
0.000000 0.000000 0.000000 0.000000 0.000000
0.000000 0.000000 0.000000 0.000000 0.000000
0.000000 0.000000 0.000000 0.000000 0.000000
0.005963 0.000000 0.000000 0.000000 0.005963
0.024902 0.000000 0.000689 0.001636 0.060290
0.047503 0.000000 0.023310 0.064249 0.093653
0.043308 0.000000 0.042680 0.096010 0.092572
0.020719 0.000000 0.047984 0.095110 0.074072
0.022950 0.000000 0.036981 0.096081 0.039222
0.016193 0.000000 0.015590 0.097826 0.021405
0.000000 0.000000 0.006666 0.105210 0.029122
0.000000 0.000000 0.000000 0.125352 0.033764
0.000000 0.000000 0.000000 0.132432 0.056874
0.000000 0.000000 0.000000 0.112661 0.096704
0.044062 0.015639 0.000000 0.072712 0.132305
0.085182 0.038531 0.000000 0.027519 0.113552
0.113823 0.080758 0.000000 0.001660 0.040788
0.108346 0.090391 0.021307 0.000000 0.000000
0.053322 0.049742 0.088365 0.000000 0.000000
0.005932 0.003676 0.133172 0.000000 0.000000
0.000000 0.000000 0.127893 0.000000 0.008553
0.000000 0.000000 0.055678 0.000000 0.009918
0.000000 0.000000 0.021776 0.000000 0.004762
0.000000 0.000000 0.000201 0.000004 0.000023
0.000000 0.000000 0.000000 0.000000 0.000000
0.000000 0.000000 0.000000 0.000000 0.000000
0.000000 0.000000 0.000000 0.000000 0.000000
0.000000 0.000000 0.000000 0.000000 0.000000
0.000000 0.000000 0.000000 0.000000 0.000000
0.000000 0.000000 0.000000 0.000000 0.000000
0.005234 0.000000 0.000000 0.000000 0.000000
0.018591 0.000000 0.000000 0.000000 0.000000
0.040656 0.000000 0.000000 0.009493 0.026671
0.063676 0.000000 0.000000 0.048477 0.059952
0.054742 0.000000 0.024720 0.083047 0.089090
0.054334 0.000000 0.041891 0.104994 0.080798
0.049978 0.000000 0.044679 0.119092 0.074344
0.030875 0.000000 0.039493 0.126480 0.083972
0.020876 0.000000 0.028550 0.134809 0.088942
0.020899 0.000000 0.018866 0.122698 0.104591
0.042677 0.000000 0.001971 0.091793 0.127830
0.072391 0.000000 0.000000 0.051735 0.131815
0.096453 0.012566 0.000000 0.015267 0.116659
0.115718 0.070474 0.000000 0.000000 0.054821
0.108331 0.107456 0.010958 0.000000 0.007427
0.063101 0.091233 0.060939 0.000000 0.000000
0.012151 0.030348 0.123342 0.000000 0.000000
0.000000 0.004750 0.125780 0.000000 0.000000
0.000000 0.000000 0.074500 0.000000 0.007125
0.000000 0.000000 0.033531 0.000000 0.005734
0.000000 0.000000 0.015270 0.000000 0.002350
0.000000 0.000000 0.005540 0.000123 0.000634
0.000000 0.000000 0.000000 0.000000 0.000000
0.000000 0.000000 0.000000 0.000000 0.000000
0.000000 0.000000 0.000000 0.000000 0.000000
0.000000 0.000000 0.000000 0.000000 0.000000
0.000000 0.000000 0.000000 0.000000 0.000000
0.000000 0.000000 0.000000 0.000000 0.000000
0.005675 0.000000 0.000000 0.000000 0.000000
0.013324 0.000000 0.000000 0.000000 0.000000
0.035727 0.000000 0.000274 0.002270 0.013970
0.061506 0.003228 0.000000 0.001838 0.051363
0.075668 0.000000 0.005836 0.033589 0.070137
0.085104 0.001642 0.039449 0.055308 0.073281
0.100210 0.008404 0.044244 0.064921 0.068020
0.089751 0.008879 0.049888 0.061880 0.082777
0.083027 0.000000 0.061119 0.049678 0.100140
0.090000 0.000134 0.048113 0.032063 0.107116
0.106229 0.016205 0.027698 0.011996 0.106983
0.116475 0.041491 0.021773 0.000000 0.079710
0.124280 0.079783 0.026929 0.000000 0.029283
0.105227 0.105511 0.037774 0.000000 0.000000
0.055324 0.109720 0.066170 0.000000 0.000000
0.011747 0.050994 0.116752 0.000000 0.000000
0.000000 0.016798 0.133796 0.000000 0.000000
0.000000 0.000000 0.094407 0.000000 0.004742
0.000000 0.000000 0.042917 0.000000 0.002613
0.000000 0.000000 0.021021 0.000000 0.002026
0.000000 0.000000 0.012691 0.000282 0.001452
0.000000 0.000000 0.006597 0.000147 0.000755
0.000000 0.000000 0.000000 0.000000 0.000000
0.000000 0.000000 0.000000 0.000000 0.000000
0.000000 0.000000 0.000000 0.000000 0.000000
0.000000 0.000000 0.000000 0.000000 0.000000
0.000000 0.000000 0.000000 0.000000 0.000000
0.000000 0.000000 0.000000 0.000000 0.000000
0.000378 0.000000 0.000000 0.000000 0.000000
0.004173 0.000000 0.003985 0.000000 0.001776
0.013577 0.000000 0.011822 0.000000 0.005155
0.032838 0.010677 0.005570 0.000000 0.035536
0.060629 0.022893 0.000000 0.000000 0.051352
0.081672 0.026294 0.004739 0.000000 0.050634
0.090856 0.051992 0.025433 0.000000 0.051498
0.097355 0.070967 0.028359 0.000000 0.060332
0.102586 0.074245 0.051997 0.000000 0.061711
0.112379 0.083198 0.058982 0.000000 0.046643
0.110626 0.089503 0.059433 0.000000 0.030937
0.108052 0.104419 0.050279 0.000000 0.000000
0.078792 0.111120 0.059916 0.000000 0.000000
0.039423 0.098812 0.088199 0.000000 0.000000
0.000000 0.063538 0.124285 0.000000 0.000000
0.000000 0.034845 0.126770 0.000000 0.000000
0.000000 0.001466 0.104547 0.000000 0.001478
0.000000 0.000000 0.060423 0.000577 0.001546
0.000000 0.000000 0.030269 0.000522 0.001278
0.000000 0.000000 0.014095 0.000216 0.001550
0.000000 0.000000 0.010324 0.000230 0.001181
0.000000 0.000000 0.003827 0.000085 0.000438
0.000000 0.000000 0.000000 0.000000 0.000000
0.000000 0.000000 0.000000 0.000000 0.000000
0.000000 0.000000 0.000000 0.000000 0.000000
0.000000 0.000000 0.000000 0.000000 0.000000
0.000000 0.000000 0.000000 0.000000 0.000000
0.000000 0.000000 0.000000 0.000000 0.000000
0.000000 0.000000 0.000000 0.000000 0.000000
0.000578 0.000000 0.002794 0.000000 0.002755
0.002229 0.000000 0.007249 0.000000 0.007518
0.008906 0.007441 0.002651 0.000000 0.020789
0.019046 0.027549 0.004372 0.000000 0.037768
0.034196 0.042526 0.000000 0.000000 0.043580
0.050728 0.066519 0.000000 0.000000 0.029026
0.055328 0.093716 0.004689 0.000000 0.018860
0.061229 0.108270 0.025312 0.000000 0.008449
0.065347 0.105369 0.050977 0.000000 0.000000
0.045744 0.101652 0.066833 0.000000 0.000000
0.027837 0.091838 0.094235 0.000000 0.000000
0.005495 0.078735 0.106124 0.000856 0.000000
0.000000 0.056222 0.115899 0.000855 0.000000
0.000000 0.033744 0.097322 0.000000 0.000000
0.000000 0.007047 0.069461 0.000000 0.002913
0.000000 0.000000 0.042110 0.000797 0.001673
0.000000 0.000000 0.027317 0.000973 0.000830
0.000000 0.000000 0.012859 0.000309 0.001428
0.000000 0.000000 0.010374 0.000231 0.001187
0.000000 0.000000 0.003827 0.000085 0.000438
0.000000 0.000000 0.000000 0.000000 0.000000
0.000000 0.000000 0.000000 0.000000 0.000000
0.000000 0.000000 0.000000 0.000000 0.000000
0.000000 0.000000 0.000000 0.000000 0.000000
0.000000 0.000000 0.000000 0.000000 0.000000
0.000000 0.000000 0.000000 0.000000 0.000000
0.000000 0.000000 0.000000 0.000000 0.000000
0.000000 0.000000 0.000000 0.000000 0.000000
0.000764 0.001427 0.000000 0.000000 0.001958
0.001422 0.002656 0.000000 0.000000 0.003643
0.000530 0.005364 0.000000 0.000000 0.007354
0.000000 0.013200 0.000000 0.000000 0.015436
0.000000 0.022911 0.000000 0.000000 0.021910
0.001829 0.038502 0.000000 0.000000 0.021408
0.003399 0.060143 0.000000 0.000000 0.009189
0.001206 0.079269 0.001644 0.000000 0.000000
0.000000 0.085057 0.015594 0.000000 0.000000
0.000000 0.077196 0.035543 0.000965 0.000000
0.000000 0.051222 0.054499 0.000738 0.000000
0.000000 0.023834 0.064156 0.000000 0.000000
0.000000 0.004430 0.052567 0.000000 0.003788
0.000000 0.007251 0.029016 0.000000 0.007174
0.000000 0.011045 0.009568 0.000064 0.005135
0.000000 0.002105 0.006377 0.001022 0.000556
0.000000 0.000000 0.004394 0.001003 0.000872
0.000000 0.000000 0.000043 0.000144 0.000663
0.000000 0.000000 0.000017 0.000058 0.000269
0.000000 0.000000 0.000000 0.000000 0.000000
0.000000 0.000000 0.000000 0.000000 0.000000
0.000000 0.000000 0.000000 0.000000 0.000000
0.000000 0.000000 0.000000 0.000000 0.000000
0.000000 0.000000 0.000000 0.000000 0.000000
0.000000 0.000000 0.000000 0.000000 0.000000
0.000000 0.000000 0.000000 0.000000 0.000000
0.000000 0.000000 0.000000 0.000000 0.000000
0.000000 0.000000 0.000000 0.000000 0.000000
0.000000 0.000000 0.000000 0.000000 0.000000
0.000000 0.000000 0.000000 0.000000 0.000000
0.000000 0.000000 0.000000 0.000000 0.000000
0.000000 0.000000 0.000000 0.000000 0.000000
0.000000 0.000000 0.000000 0.000000 0.000000
0.000000 0.003033 0.002678 0.000000 0.003494
0.000000 0.002527 0.006946 0.000000 0.002943
0.000000 0.002498 0.008740 0.000000 0.002922
0.000000 0.001360 0.009617 0.000000 0.001624
0.000000 0.001180 0.009755 0.000000 0.001419
0.000000 0.000881 0.007288 0.000000 0.001060
0.000000 0.000666 0.004022 0.000000 0.000618
0.000000 0.007773 0.000000 0.000000 0.001617
0.000000 0.013748 0.000000 0.000000 0.003343
0.000000 0.007707 0.000000 0.000000 0.001640
0.000000 0.000000 0.000000 0.000000 0.000000
0.000000 0.000000 0.000000 0.000000 0.000000
0.000000 0.000000 0.000000 0.000000 0.000000
0.000000 0.000000 0.000000 0.000000 0.000000
0.000000 0.000000 0.000000 0.000000 0.000000
0.000000 0.000000 0.000000 0.000000 0.000000
0.000000 0.000000 0.000000 0.000000 0.000000
0.000000 0.000000 0.000000 0.000000 0.000000
0.000000 0.000000 0.000000 0.000000 0.000000
0.000000 0.000000 0.000000 0.000000 0.000000
0.000000 0.000000 0.000000 0.000000 0.000000
0.000000 0.000000 0.000000 0.000000 0.000000
0.000000 0.000000 0.000000 0.000000 0.000000
0.000000 0.000000 0.000000 0.000000 0.000000
0.000000 0.000000 0.000000 0.000000 0.000000
0.000000 0.000000 0.000000 0.000000 0.000000
0.000000 0.000000 0.000000 0.000000 0.000000
0.000000 0.000000 0.000000 0.000000 0.000000
0.000000 0.000000 0.000000 0.000000 0.000000
0.000000 0.000000 0.000000 0.000000 0.000000
0.000000 0.000000 0.000000 0.000000 0.000000
0.000000 0.000000 0.000000 0.000000 0.000000
0.000000 0.000000 0.000000 0.000000 0.000000
0.000000 0.000000 0.000000 0.000000 0.000000
0.000000 0.005949 0.000000 0.000000 0.000987
0.000000 0.007451 0.000000 0.000000 0.001236
0.000000 0.007068 0.000000 0.000000 0.001173
0.000000 0.001031 0.000000 0.000000 0.000171
0.000000 0.000000 0.000000 0.000000 0.000000
0.000000 0.000000 0.000000 0.000000 0.000000
0.000000 0.000000 0.000000 0.000000 0.000000
0.000000 0.000000 0.000000 0.000000 0.000000
0.000000 0.000000 0.000000 0.000000 0.000000
0.000000 0.000000 0.000000 0.000000 0.000000
0.000000 0.000000 0.000000 0.000000 0.000000
0.000000 0.000000 0.000000 0.000000 0.000000
0.000000 0.000000 0.000000 0.000000 0.000000
0.000000 0.000000 0.000000 0.000000 0.000000
0.000000 0.000000 0.000000 0.000000 0.000000
0.000000 0.000000 0.000000 0.000000 0.000000
0.000000 0.000000 0.000000 0.000000 0.000000
0.000000 0.000000 0.000000 0.000000 0.000000
0.000000 0.000000 0.000000 0.000000 0.000000
0.000000 0.000000 0.000000 0.000000 0.000000
0.000000 0.000000 0.000000 0.000000 0.000000
0.000000 0.000000 0.000000 0.000000 0.000000
0.000000 0.000000 0.000000 0.000000 0.000000
0.000000 0.000000 0.000000 0.000000 0.000000
0.000000 0.000000 0.000000 0.000000 0.000000
0.000000 0.000000 0.000000 0.000000 0.000000
0.000000 0.000000 0.000000 0.000000 0.000000
0.000000 0.000000 0.000000 0.000000 0.000000
0.000000 0.000000 0.000000 0.000000 0.000000
0.000000 0.000000 0.000000 0.000000 0.000000
0.000000 0.000000 0.000000 0.000000 0.000000
0.000000 0.000000 0.000000 0.000000 0.000000
0.000000 0.000000 0.000000 0.000000 0.000000
0.000000 0.000000 0.000000 0.000000 0.000000
0.000000 0.000000 0.000000 0.000000 0.000000
0.000000 0.000000 0.000000 0.000000 0.000000
0.000000 0.000000 0.000000 0.000000 0.000000
0.000000 0.000000 0.000000 0.000000 0.000000
0.000000 0.000000 0.000000 0.000000 0.000000
0.000000 0.000000 0.000000 0.000000 0.000000
0.000000 0.000000 0.000000 0.000000 0.000000
