0.000000 0.000000 0.000000 0.000000 0.000000
0.000000 0.000000 0.000000 0.000000 0.000000
0.000000 0.000000 0.000000 0.000000 0.000000
0.000000 0.000000 0.000000 0.000000 0.000000
0.000000 0.000000 0.000000 0.000000 0.000000
0.000000 0.000000 0.000000 0.000000 0.000000
0.000000 0.000000 0.000000 0.000000 0.000000
0.000000 0.000000 0.000000 0.000000 0.000000
0.000000 0.000000 0.000000 0.000000 0.000000
0.000000 0.000000 0.000000 0.000000 0.000000
0.000000 0.000000 0.000000 0.000000 0.000000
0.000000 0.000000 0.000000 0.000000 0.000000
0.000000 0.000000 0.000000 0.000000 0.000000
0.000000 0.000000 0.000000 0.000000 0.000000
0.000000 0.000000 0.000000 0.000000 0.000000
0.000000 0.000000 0.000000 0.000000 0.000000
0.000000 0.000000 0.000000 0.000000 0.000000
0.000000 0.000000 0.000000 0.000000 0.000000
0.000000 0.000000 0.000000 0.000000 0.000000
0.000000 0.000000 0.000000 0.000000 0.000000
0.000000 0.000000 0.000000 0.000000 0.000000
0.000000 0.000000 0.000000 0.000000 0.000000
0.000000 0.000000 0.000000 0.000000 0.000000
0.000000 0.000000 0.000000 0.000000 0.000000
0.000000 0.000000 0.000000 0.000000 0.000000
0.000000 0.000000 0.000000 0.000000 0.000000
0.000000 0.000000 0.000000 0.000000 0.000000
0.000000 0.000000 0.000000 0.000000 0.000000
0.000000 0.000000 0.000000 0.000000 0.000000
0.000000 0.000000 0.000000 0.000000 0.000000
0.000000 0.000000 0.000000 0.000000 0.000000
0.000000 0.000000 0.000000 0.000000 0.000000
0.000000 0.000000 0.000000 0.000000 0.000000
0.000000 0.000000 0.000000 0.000000 0.000000
0.000000 0.000000 0.000000 0.000000 0.000000
0.000000 0.000000 0.000000 0.000000 0.000000
0.000000 0.000000 0.000000 0.000000 0.000000
0.000000 0.000000 0.000000 0.000000 0.000000
0.000000 0.000000 0.000000 0.000000 0.000000
0.000000 0.000000 0.000000 0.000000 0.000000
0.000000 0.000000 0.000000 0.000000 0.000000
0.000000 0.000000 0.000000 0.000000 0.000000
0.000000 0.000000 0.000000 0.000000 0.000000
0.000000 0.000000 0.000000 0.000000 0.000000
0.000000 0.000000 0.000000 0.000000 0.000000
0.000000 0.000000 0.000000 0.000000 0.000000
0.000000 0.000000 0.000000 0.000000 0.000000
0.000000 0.000000 0.000000 0.000000 0.000000
0.000000 0.000000 0.000000 0.000000 0.000000
0.000000 0.000000 0.000000 0.000000 0.000000
0.000000 0.000000 0.000000 0.000000 0.000000
0.000000 0.000000 0.000000 0.000000 0.000000
0.000000 0.000000 0.000000 0.000000 0.000000
0.000000 0.000000 0.000000 0.000000 0.000000
0.000000 0.000000 0.000000 0.000000 0.000000
0.000000 0.000000 0.000000 0.000000 0.000000
0.000000 0.000000 0.000000 0.000000 0.000000
0.000000 0.000000 0.000000 0.000000 0.000000
0.000000 0.000000 0.000000 0.000000 0.000000
0.000000 0.000000 0.000000 0.000000 0.000000
0.000000 0.000000 0.000000 0.000000 0.000000
0.000000 0.000000 0.000000 0.000000 0.000000
0.000000 0.000000 0.000000 0.000000 0.000000
0.000000 0.000000 0.000000 0.000000 0.000000
0.000000 0.000000 0.000000 0.000000 0.000000
0.000000 0.000000 0.000000 0.000000 0.000000
0.000000 0.000000 0.000000 0.000000 0.000000
0.000000 0.000000 0.000000 0.000000 0.000000
0.000000 0.000000 0.000000 0.000000 0.000000
0.000000 0.000000 0.000000 0.000000 0.000000
0.000000 0.000000 0.000000 0.000000 0.000000
0.001008 0.000000 0.000255 0.000006 0.000000
0.003952 0.000000 0.000999 0.000025 0.000000
0.000847 0.000000 0.000214 0.000005 0.000000
0.000000 0.000000 0.000000 0.000000 0.000000
0.000000 0.000000 0.000000 0.000000 0.000000
0.000000 0.000000 0.000000 0.000000 0.000000
0.000000 0.000000 0.000000 0.000000 0.000000
0.000000 0.000000 0.000000 0.000000 0.000000
0.000000 0.000000 0.000000 0.000000 0.000000
0.000000 0.000000 0.000000 0.000000 0.000000
0.000000 0.000000 0.000000 0.000000 0.000000
0.000000 0.000000 0.000000 0.000000 0.000000
0.000000 0.000000 0.000000 0.000000 0.000000
0.000000 0.000000 0.000000 0.000000 0.000000
0.000000 0.000000 0.000000 0.000000 0.000000
0.000000 0.000000 0.000000 0.000000 0.000000
0.000000 0.000000 0.000000 0.000000 0.000000
0.000000 0.000000 0.000000 0.000000 0.000000
0.000000 0.000000 0.000000 0.000000 0.000000
0.000000 0.000000 0.000000 0.000000 0.000000
0.000000 0.000000 0.000000 0.000000 0.000000
0.000000 0.000000 0.000000 0.000000 0.000000
0.000000 0.000000 0.000000 0.000000 0.000000
0.000000 0.000000 0.000000 0.000000 0.000000
0.000000 0.000000 0.000000 0.000000 0.000000
0.000000 0.000000 0.000000 0.000000 0.000000
0.000000 0.000000 0.000000 0.000000 0.000000
0.002016 0.000000 0.000509 0.000013 0.000000
0.003337 0.000000 0.001325 0.003938 0.000000
0.003279 0.000256 0.001607 0.006355 0.000000
0.001927 0.000000 0.000593 0.000873 0.000000
0.000000 0.000000 0.000000 0.000000 0.000000
0.000000 0.000000 0.000000 0.000000 0.000000
0.000000 0.000000 0.002989 0.000289 0.000014
0.000000 0.000000 0.009075 0.000878 0.000041
0.000000 0.000000 0.008826 0.000854 0.000040
0.000000 0.000000 0.000000 0.000000 0.000000
0.000000 0.000000 0.000000 0.000000 0.000000
0.000000 0.000000 0.000000 0.000000 0.000000
0.000000 0.000000 0.000000 0.000000 0.000000
0.000000 0.000000 0.000000 0.000000 0.000000
0.000000 0.000000 0.000000 0.000000 0.000000
0.000000 0.000000 0.000000 0.000000 0.000000
0.000000 0.000000 0.000000 0.000000 0.000000
0.000000 0.000000 0.000000 0.000000 0.000000
0.000372 0.000206 0.000000 0.001408 0.000000
0.000687 0.000381 0.000000 0.002596 0.000000
0.000000 0.000000 0.000000 0.000000 0.000000
0.000000 0.000000 0.000000 0.000000 0.000000
0.000000 0.000000 0.000000 0.001906 0.000000
0.000918 0.000000 0.000000 0.013191 0.000000
0.002016 0.000000 0.000000 0.014917 0.000000
0.001342 0.000000 0.000000 0.007950 0.000000
0.000000 0.001773 0.001733 0.000000 0.000304
0.008489 0.001556 0.000140 0.000000 0.000000
0.017265 0.002520 0.000000 0.000000 0.000000
0.009528 0.003722 0.000000 0.003285 0.000000
0.012107 0.005946 0.000000 0.004368 0.000000
0.008561 0.009516 0.000000 0.001792 0.000000
0.000000 0.010496 0.016734 0.007155 0.000000
0.000000 0.000000 0.026061 0.000000 0.000000
0.000000 0.000000 0.048593 0.000000 0.000000
0.000000 0.000000 0.044592 0.002999 0.000000
0.000000 0.000000 0.024651 0.003990 0.002640
0.000332 0.000000 0.005393 0.002510 0.002174
0.000000 0.000000 0.000000 0.000000 0.000000
0.000000 0.000000 0.000000 0.000000 0.000000
0.000000 0.000000 0.000000 0.000000 0.000000
0.000000 0.000000 0.000000 0.000000 0.000000
0.000000 0.000000 0.000000 0.000000 0.000000
0.000000 0.000000 0.000000 0.000000 0.000000
0.000000 0.000000 0.000000 0.000000 0.000000
0.000000 0.000169 0.000013 0.000417 0.000000
0.001650 0.001347 0.000000 0.007776 0.000000
0.001966 0.001262 0.000000 0.008046 0.000000
0.000000 0.000490 0.001646 0.007335 0.000000
0.000000 0.002114 0.001256 0.011155 0.000000
0.000000 0.000981 0.000000 0.029684 0.000000
0.002032 0.008069 0.000000 0.043061 0.000000
0.004307 0.026759 0.000000 0.023427 0.000081
0.000000 0.033169 0.004047 0.000000 0.008879
0.000000 0.032530 0.000000 0.000000 0.035141
0.006097 0.017059 0.000000 0.000000 0.041572
0.023637 0.004921 0.000000 0.000000 0.030705
0.025813 0.009956 0.000000 0.000000 0.010763
0.030667 0.015771 0.000000 0.001148 0.003314
0.026443 0.031073 0.000000 0.003875 0.000002
0.000000 0.052920 0.019490 0.000000 0.000000
0.000000 0.036753 0.044841 0.000000 0.000000
0.000000 0.000000 0.082259 0.000000 0.000000
0.000000 0.000000 0.078281 0.006983 0.005808
0.003358 0.000000 0.038138 0.009185 0.019583
0.022619 0.000000 0.013044 0.016799 0.016335
0.022963 0.000000 0.005099 0.005310 0.008119
0.016050 0.000000 0.000000 0.002513 0.000000
0.000000 0.000000 0.000000 0.000000 0.000000
0.000000 0.000000 0.000000 0.000000 0.000000
0.000000 0.000000 0.000000 0.000000 0.000000
0.000000 0.000000 0.000000 0.000000 0.000000
0.000000 0.000000 0.000000 0.000000 0.000000
0.000000 0.002168 0.000000 0.007326 0.000000
0.000000 0.004558 0.000000 0.017225 0.000000
0.000000 0.006213 0.000000 0.017926 0.000000
0.000000 0.008816 0.000156 0.010761 0.000000
0.000000 0.005858 0.000000 0.027393 0.000000
0.000000 0.014849 0.000000 0.044220 0.000000
0.000000 0.036889 0.000000 0.055330 0.000000
0.000000 0.063875 0.000000 0.027735 0.005603
0.000000 0.078263 0.002322 0.000000 0.038900
0.000000 0.041792 0.000000 0.000000 0.073277
0.007107 0.019919 0.000000 0.000000 0.078760
0.035350 0.006214 0.000000 0.000000 0.044993
0.040471 0.012027 0.000000 0.000000 0.014778
0.042092 0.031072 0.000000 0.002900 0.002677
0.043804 0.056925 0.000000 0.004003 0.000000
0.000000 0.096341 0.022611 0.000000 0.000000
0.000000 0.063815 0.076478 0.015252 0.000000
0.000000 0.000000 0.109425 0.007339 0.000000
0.003116 0.000000 0.088085 0.008768 0.020435
0.024046 0.000000 0.034249 0.025279 0.048002
0.035351 0.000000 0.002268 0.028528 0.049522
0.030502 0.000000 0.000000 0.012068 0.025022
0.015185 0.000000 0.000000 0.004041 0.000649
0.002238 0.000000 0.000340 0.000783 0.000000
0.000000 0.000000 0.000000 0.000000 0.000000
0.000000 0.000000 0.000000 0.000000 0.000000
0.000000 0.000000 0.000000 0.000000 0.000000
0.000000 0.000000 0.000000 0.000000 0.000000
0.000000 0.002255 0.000000 0.007920 0.000000
0.000000 0.000946 0.000000 0.026601 0.000000
0.000000 0.001821 0.001208 0.042790 0.000000
0.000000 0.003944 0.000887 0.029140 0.000000
0.000000 0.007272 0.000000 0.048591 0.000000
0.000778 0.024896 0.000000 0.056870 0.000000
0.000000 0.078873 0.000000 0.042412 0.000845
0.000000 0.091717 0.003741 0.008983 0.034887
0.000000 0.077219 0.012216 0.000000 0.083725
0.000728 0.028872 0.000232 0.000000 0.091826
0.029911 0.006154 0.000000 0.000000 0.082223
0.060682 0.001484 0.000000 0.000000 0.032238
0.046251 0.010962 0.000000 0.000000 0.008566
0.058636 0.044083 0.000000 0.002018 0.000000
0.055093 0.088243 0.000000 0.000000 0.000000
0.022405 0.115556 0.032837 0.004768 0.000000
0.000000 0.056985 0.112527 0.032206 0.000000
0.000000 0.000000 0.129214 0.049682 0.000000
0.001284 0.000000 0.072396 0.034865 0.046109
0.035954 0.000000 0.007732 0.033008 0.079636
0.035507 0.000000 0.000000 0.029384 0.068579
0.031033 0.000000 0.000000 0.009292 0.027182
0.020439 0.000000 0.000000 0.006327 0.000000
0.002711 0.000000 0.000412 0.000948 0.000000
0.000000 0.000000 0.000000 0.000000 0.000000
0.000000 0.000000 0.000000 0.000000 0.000000
0.000000 0.000000 0.000000 0.000000 0.000000
0.000000 0.000000 0.000000 0.000000 0.000000
0.000085 0.002333 0.000000 0.008452 0.000000
0.000000 0.000915 0.000556 0.031073 0.000000
0.000000 0.001510 0.001732 0.046261 0.000000
0.000000 0.006318 0.000000 0.057757 0.000000
0.000000 0.012376 0.000000 0.075668 0.000000
0.000000 0.041093 0.000000 0.063892 0.000000
0.000000 0.105837 0.000000 0.031749 0.023362
0.000000 0.097871 0.010900 0.000000 0.083256
0.000000 0.062597 0.022918 0.000000 0.102908
0.023530 0.001265 0.021908 0.000000 0.103693
0.076205 0.000000 0.000000 0.000000 0.061597
0.076970 0.000000 0.000000 0.000000 0.020539
0.050514 0.011262 0.000000 0.000000 0.002306
0.077399 0.059793 0.000000 0.000000 0.000000
0.070462 0.108200 0.000000 0.000000 0.000000
0.009440 0.104380 0.062719 0.018202 0.000000
0.000000 0.038388 0.140774 0.059004 0.000000
0.000000 0.000000 0.122712 0.094086 0.023927
0.012291 0.000000 0.035216 0.072780 0.092116
0.036937 0.000000 0.000000 0.035758 0.111312
0.036931 0.000000 0.000000 0.019114 0.079877
0.013709 0.000000 0.000000 0.000000 0.019317
0.017510 0.000000 0.000000 0.003288 0.004748
0.000000 0.000000 0.000000 0.000000 0.000000
0.000000 0.000000 0.000000 0.000000 0.000000
0.000000 0.000000 0.000000 0.000000 0.000000
0.000000 0.000000 0.000000 0.000000 0.000000
0.000000 0.000000 0.000000 0.000000 0.000000
0.001328 0.002450 0.000000 0.011117 0.000000
0.000000 0.000923 0.000587 0.031201 0.000000
0.000000 0.000000 0.001354 0.053893 0.000000
0.000000 0.000000 0.000000 0.083325 0.000000
0.000000 0.018029 0.000000 0.086227 0.000000
0.000000 0.056192 0.000000 0.066620 0.006518
0.000000 0.121895 0.000000 0.008770 0.070804
0.000000 0.097564 0.026922 0.000000 0.104843
0.000000 0.028051 0.046076 0.000000 0.115886
0.080518 0.000000 0.037126 0.000000 0.088815
0.150740 0.000000 0.003904 0.004315 0.025519
0.099822 0.000000 0.000000 0.000000 0.000000
0.047274 0.010796 0.000000 0.000000 0.000000
0.087389 0.073026 0.000000 0.000000 0.000000
0.084293 0.109603 0.003717 0.000000 0.000000
0.002514 0.093631 0.093852 0.025935 0.000000
0.000000 0.017543 0.150156 0.075853 0.000000
0.000000 0.000000 0.093013 0.108369 0.069252
0.025141 0.000000 0.001522 0.097274 0.122025
0.027715 0.000000 0.000000 0.043827 0.115707
0.020954 0.000000 0.000000 0.007496 0.059469
0.015762 0.000000 0.000000 0.001279 0.010059
0.008275 0.000000 0.000000 0.000694 0.004628
0.000000 0.000000 0.000000 0.000000 0.000000
0.000000 0.000000 0.000000 0.000000 0.000000
0.000000 0.000000 0.000000 0.000000 0.000000
0.000000 0.000000 0.000000 0.000000 0.000000
0.000000 0.000000 0.000000 0.000000 0.000000
0.001819 0.001307 0.000000 0.009029 0.000000
0.000000 0.000000 0.000448 0.028006 0.000000
0.000000 0.000000 0.000793 0.067778 0.000000
0.000000 0.000201 0.000000 0.095806 0.000000
0.000000 0.034947 0.000000 0.080143 0.001723
0.000000 0.086731 0.000000 0.052473 0.051472
0.000000 0.130616 0.009270 0.000000 0.102850
0.000000 0.067625 0.059907 0.000000 0.124249
0.053821 0.000799 0.069066 0.000000 0.107866
0.157935 0.000000 0.035373 0.002501 0.038259
0.160840 0.000000 0.001784 0.004925 0.000000
0.085488 0.000000 0.000000 0.000000 0.000000
0.048404 0.015311 0.000000 0.000000 0.000000
0.105217 0.085006 0.000000 0.000000 0.000000
0.084474 0.117636 0.028296 0.000000 0.000000
0.006044 0.082468 0.124594 0.030514 0.000000
0.000000 0.013480 0.142962 0.092691 0.020340
0.000000 0.000000 0.053538 0.112770 0.111565
0.014388 0.000000 0.000000 0.087979 0.122712
0.010691 0.000000 0.000000 0.036746 0.084647
0.013879 0.000340 0.000000 0.000226 0.022335
0.009322 0.000000 0.000000 0.000000 0.007340
0.001942 0.000000 0.000000 0.000000 0.001549
0.000000 0.000000 0.000000 0.000000 0.000000
0.000000 0.000000 0.000000 0.000000 0.000000
0.000000 0.000000 0.000000 0.000000 0.000000
0.000000 0.000000 0.000000 0.000000 0.000000
0.000000 0.000000 0.000000 0.000000 0.000000
0.000325 0.000824 0.000000 0.006361 0.000000
0.000000 0.000000 0.000063 0.033912 0.000000
0.000000 0.000000 0.000757 0.085450 0.000000
0.000000 0.005760 0.000000 0.103869 0.000000
0.000000 0.053665 0.000000 0.075416 0.045419
0.000000 0.101190 0.000000 0.043253 0.092135
0.000000 0.115180 0.033164 0.000000 0.122974
0.028314 0.032709 0.094191 0.000000 0.117663
0.129491 0.000000 0.084199 0.000000 0.053913
0.171590 0.000000 0.029461 0.000000 0.000000
0.115632 0.001436 0.000000 0.000000 0.000000
0.048379 0.013376 0.000000 0.000000 0.000000
0.064202 0.029505 0.000000 0.000000 0.000000
0.128322 0.097748 0.000000 0.000000 0.000000
0.085852 0.116917 0.063628 0.000000 0.000000
0.000000 0.064715 0.145460 0.047488 0.000000
0.000000 0.032245 0.101158 0.098350 0.086826
0.000000 0.000000 0.019671 0.104375 0.127807
0.000329 0.000000 0.000000 0.078308 0.111118
0.000030 0.000000 0.000000 0.039825 0.049547
0.014108 0.000000 0.000000 0.000000 0.011610
0.004000 0.000000 0.000000 0.000315 0.002481
0.000000 0.000000 0.000000 0.000000 0.000000
0.000000 0.000000 0.000000 0.000000 0.000000
0.000000 0.000000 0.000000 0.000000 0.000000
0.000000 0.000000 0.000000 0.000000 0.000000
0.000000 0.000000 0.000000 0.000000 0.000000
0.000000 0.000000 0.000000 0.000000 0.000000
0.000000 0.000417 0.000090 0.003821 0.000000
0.000000 0.000000 0.000469 0.053596 0.000000
0.000000 0.000000 0.000638 0.086610 0.000189
0.000000 0.017642 0.000000 0.096516 0.036319
0.000000 0.072730 0.000000 0.080565 0.081077
0.000000 0.099356 0.017142 0.035387 0.114674
0.011006 0.092860 0.067100 0.000000 0.127170
0.099492 0.044111 0.095283 0.000000 0.095365
0.172088 0.013792 0.057510 0.000000 0.028628
0.129585 0.021428 0.003038 0.000000 0.007920
0.052188 0.036534 0.000000 0.000000 0.004752
0.031208 0.043782 0.000000 0.000000 0.001111
0.090854 0.069652 0.000000 0.000000 0.000000
0.148711 0.117232 0.004165 0.000000 0.000000
0.083995 0.115084 0.094477 0.007240 0.000000
0.000000 0.057368 0.135863 0.067539 0.048143
0.000000 0.052034 0.062087 0.093955 0.121138
0.000000 0.002230 0.000000 0.091630 0.124092
0.000000 0.000000 0.000000 0.068269 0.079054
0.006965 0.000000 0.000000 0.041730 0.014571
0.004361 0.000000 0.000000 0.002548 0.002977
0.000545 0.000000 0.000000 0.000246 0.000028
0.000000 0.000000 0.000000 0.000000 0.000000
0.000000 0.000000 0.000000 0.000000 0.000000
0.000000 0.000000 0.000000 0.000000 0.000000
0.000000 0.000000 0.000000 0.000000 0.000000
0.000000 0.000000 0.000000 0.000000 0.000000
0.000000 0.000000 0.000000 0.000000 0.000000
0.000000 0.000357 0.000142 0.003414 0.000000
0.000000 0.000000 0.000720 0.055633 0.001851
0.000000 0.000000 0.000000 0.077900 0.030396
0.000000 0.025797 0.000000 0.094981 0.072545
0.000000 0.062354 0.009767 0.085951 0.103517
0.003016 0.085201 0.041324 0.044030 0.120768
0.059339 0.073059 0.095174 0.000000 0.101299
0.128085 0.058361 0.085419 0.000000 0.070584
0.126345 0.061774 0.024600 0.000000 0.050443
0.071409 0.069671 0.000000 0.000000 0.044591
0.019019 0.070692 0.000000 0.000000 0.039845
0.051569 0.073705 0.000000 0.014111 0.020200
0.130286 0.088889 0.000000 0.017220 0.000000
0.157091 0.112309 0.044094 0.008219 0.000000
0.069108 0.100959 0.121889 0.037986 0.019463
0.000000 0.077550 0.102069 0.067350 0.105716
0.000000 0.062541 0.019278 0.088944 0.127618
0.003694 0.017367 0.000000 0.077501 0.105736
0.019319 0.000000 0.000000 0.072323 0.039549
0.012794 0.000000 0.000000 0.048597 0.010541
0.000309 0.000000 0.000887 0.006038 0.003149
0.000000 0.000000 0.000265 0.000000 0.000032
0.000000 0.000000 0.000000 0.000000 0.000000
0.000000 0.000000 0.000000 0.000000 0.000000
0.000000 0.000000 0.000000 0.000000 0.000000
0.000000 0.000000 0.000000 0.000000 0.000000
0.000000 0.000000 0.000000 0.000000 0.000000
0.000000 0.000000 0.000000 0.000000 0.000000
0.000000 0.000357 0.000142 0.003414 0.000000
0.000000 0.000000 0.000711 0.053039 0.008856
0.000000 0.000000 0.000000 0.077010 0.054752
0.000000 0.023454 0.000000 0.099849 0.094643
0.000000 0.050254 0.027049 0.096446 0.113183
0.026545 0.066185 0.082241 0.073168 0.085922
0.069493 0.064885 0.124370 0.016934 0.047145
0.084825 0.077523 0.100652 0.000000 0.043901
0.070890 0.088020 0.033637 0.000000 0.067214
0.043539 0.092397 0.000000 0.021268 0.072990
0.042606 0.091191 0.000000 0.027453 0.064479
0.089647 0.090041 0.000000 0.032860 0.039052
0.153819 0.079789 0.013922 0.037884 0.008807
0.143456 0.095714 0.081929 0.028288 0.013439
0.065382 0.111496 0.115432 0.042602 0.078034
0.000000 0.091070 0.067624 0.075658 0.119416
0.022236 0.061666 0.005095 0.089900 0.111374
0.056455 0.004469 0.000000 0.086305 0.066562
0.045271 0.000000 0.000000 0.084778 0.014674
0.018702 0.000000 0.000000 0.048889 0.005051
0.005109 0.000000 0.000823 0.017210 0.000000
0.000362 0.000000 0.000289 0.000009 0.000000
0.000000 0.000000 0.000000 0.000000 0.000000
0.000000 0.000000 0.000000 0.000000 0.000000
0.000000 0.000000 0.000000 0.000000 0.000000
0.000000 0.000000 0.000000 0.000000 0.000000
0.000000 0.000000 0.000000 0.000000 0.000000
0.000000 0.000000 0.000000 0.000000 0.000000
0.000000 0.000337 0.000134 0.003221 0.000000
0.000000 0.000000 0.001053 0.043328 0.008573
0.000000 0.000000 0.002692 0.082197 0.042223
0.000000 0.000000 0.020833 0.121487 0.073316
0.012632 0.034410 0.063357 0.126075 0.058389
0.060872 0.058768 0.120027 0.089788 0.026304
0.065643 0.067584 0.145074 0.058213 0.013013
0.045761 0.071278 0.141445 0.050815 0.033566
0.026260 0.081207 0.110465 0.052987 0.051597
0.027353 0.085983 0.091820 0.052717 0.053447
0.056272 0.073744 0.068804 0.060885 0.062558
0.092086 0.067617 0.049604 0.063012 0.065100
0.144867 0.063150 0.062302 0.057505 0.044318
0.109009 0.077955 0.115579 0.040160 0.068376
0.052770 0.094639 0.105994 0.048945 0.099072
0.003366 0.087508 0.059293 0.089329 0.115472
0.045201 0.033323 0.002129 0.111010 0.101667
0.050739 0.000000 0.000000 0.097401 0.052216
0.042387 0.000000 0.000000 0.086506 0.007138
0.024555 0.000000 0.000000 0.052961 0.000098
0.009482 0.000000 0.000000 0.024926 0.000000
0.003398 0.000000 0.000000 0.000396 0.000000
0.000000 0.000000 0.000000 0.000000 0.000000
0.000000 0.000000 0.000000 0.000000 0.000000
0.000000 0.000000 0.000000 0.000000 0.000000
0.000000 0.000000 0.000000 0.000000 0.000000
0.000000 0.000000 0.000000 0.000000 0.000000
0.000000 0.000000 0.000000 0.000000 0.000000
0.000000 0.000000 0.000000 0.000000 0.000000
0.000000 0.000000 0.000958 0.031410 0.008861
0.000000 0.000000 0.008786 0.087155 0.025857
0.002626 0.000000 0.029769 0.130865 0.041132
0.028355 0.005262 0.075586 0.137690 0.018687
0.053645 0.036326 0.116436 0.117087 0.000000
0.061684 0.058572 0.121859 0.100788 0.001265
0.048951 0.051763 0.124184 0.093934 0.012357
0.025289 0.029434 0.132772 0.089437 0.023384
0.027506 0.016480 0.137730 0.082595 0.030942
0.056800 0.003991 0.129283 0.080184 0.034678
0.092255 0.004913 0.117067 0.074477 0.047998
0.105756 0.033774 0.115326 0.045016 0.069260
0.079930 0.059299 0.126059 0.031531 0.094971
0.029627 0.084627 0.114741 0.042192 0.097448
0.020195 0.090435 0.062050 0.076748 0.087968
0.017155 0.033930 0.000000 0.120056 0.075399
0.016640 0.000000 0.000000 0.104278 0.038495
0.027194 0.000000 0.000000 0.073892 0.000000
0.023257 0.000000 0.000000 0.042807 0.000000
0.012703 0.000000 0.000000 0.008420 0.000000
0.000786 0.000000 0.000199 0.000005 0.000000
0.000000 0.000000 0.000000 0.000000 0.000000
0.000000 0.000000 0.000000 0.000000 0.000000
0.000000 0.000000 0.000000 0.000000 0.000000
0.000000 0.000000 0.000000 0.000000 0.000000
0.000000 0.000000 0.000000 0.000000 0.000000
0.000000 0.000000 0.000000 0.000000 0.000000
0.000000 0.000000 0.000000 0.000000 0.000000
0.000000 0.000000 0.000000 0.005727 0.011430
0.000000 0.000000 0.005633 0.055058 0.015935
0.008371 0.000000 0.017038 0.102279 0.015811
0.025298 0.000000 0.050842 0.117755 0.000000
0.052108 0.007530 0.058433 0.108751 0.000000
0.063693 0.014410 0.053073 0.100159 0.000000
0.066450 0.006878 0.042405 0.102122 0.002324
0.079276 0.000000 0.044931 0.094030 0.010015
0.098974 0.000000 0.048972 0.083163 0.019819
0.116849 0.000000 0.066796 0.066446 0.031316
0.123747 0.000000 0.095343 0.049135 0.061414
0.094427 0.000978 0.122354 0.025184 0.089246
0.030612 0.065489 0.117055 0.010858 0.103810
0.000000 0.103128 0.081935 0.040999 0.088937
0.000000 0.101697 0.017685 0.082915 0.067638
0.000000 0.038641 0.000000 0.113304 0.040295
0.000000 0.000000 0.000000 0.109235 0.013772
0.003120 0.000000 0.001855 0.076154 0.000000
0.004701 0.000000 0.002192 0.025644 0.000000
0.007176 0.000000 0.000525 0.000000 0.000000
0.001754 0.000000 0.000443 0.000011 0.000000
0.000708 0.000000 0.000000 0.000255 0.000530
0.000000 0.000000 0.000000 0.000000 0.000000
0.000000 0.000000 0.000000 0.000000 0.000000
0.000000 0.000000 0.000000 0.000000 0.000000
0.000000 0.000000 0.000000 0.000000 0.000000
0.000000 0.000000 0.000000 0.000000 0.000000
0.000000 0.000000 0.000000 0.000000 0.000000
0.000000 0.000000 0.000000 0.000506 0.000875
0.000000 0.000000 0.001371 0.008758 0.005221
0.001738 0.000000 0.005005 0.031251 0.008301
0.017024 0.000000 0.013738 0.059975 0.000000
0.032417 0.000000 0.013700 0.078854 0.000000
0.051638 0.000000 0.003173 0.074441 0.000000
0.070034 0.000000 0.000000 0.050430 0.000000
0.099095 0.000000 0.000000 0.043492 0.000000
0.133040 0.000000 0.000000 0.040607 0.007264
0.163365 0.000000 0.011952 0.041455 0.046563
0.127716 0.000000 0.061503 0.012003 0.085615
0.046436 0.013688 0.112744 0.000000 0.099997
0.000000 0.096248 0.087130 0.000000 0.103282
0.000000 0.131295 0.029680 0.021112 0.068226
0.000000 0.105427 0.000000 0.067730 0.027931
0.000000 0.036797 0.000000 0.092653 0.006534
0.000000 0.000000 0.000000 0.100546 0.000000
0.002819 0.000000 0.000000 0.070043 0.000000
0.003688 0.000000 0.000442 0.020670 0.000000
0.000625 0.000000 0.000158 0.000004 0.000000
0.000000 0.000000 0.000000 0.000000 0.000000
0.000000 0.000000 0.000000 0.000000 0.000000
0.000000 0.000000 0.000000 0.000000 0.000000
0.000000 0.000000 0.000000 0.000000 0.000000
0.000000 0.000000 0.000000 0.000000 0.000000
0.000000 0.000000 0.000000 0.000000 0.000000
0.000000 0.000000 0.000000 0.000000 0.000000
0.000000 0.000000 0.000000 0.000000 0.000000
0.000000 0.000000 0.000000 0.000000 0.000000
0.000000 0.000000 0.000133 0.000388 0.000256
0.000000 0.000000 0.000000 0.003870 0.004020
0.004973 0.001655 0.000619 0.002401 0.004508
0.011184 0.001473 0.000000 0.001844 0.003814
0.026494 0.000000 0.000000 0.007635 0.001059
0.056943 0.000000 0.000000 0.013522 0.000000
0.088577 0.000000 0.000000 0.016236 0.000000
0.137147 0.000000 0.000000 0.018425 0.012086
0.127156 0.000000 0.033283 0.014334 0.056836
0.057726 0.000000 0.096909 0.000000 0.096493
0.000000 0.037517 0.106728 0.000000 0.097167
0.000000 0.123531 0.051710 0.000000 0.089680
0.000000 0.138208 0.000000 0.014404 0.045195
0.000000 0.099792 0.000000 0.069743 0.005060
0.000000 0.038774 0.000000 0.086409 0.000000
0.000000 0.000000 0.000000 0.096997 0.000000
0.000000 0.000000 0.000000 0.066397 0.000000
0.000339 0.000000 0.000032 0.018383 0.000000
0.000000 0.000000 0.000000 0.000000 0.000000
0.000000 0.000000 0.000000 0.000000 0.000000
0.000000 0.000000 0.000000 0.000000 0.000000
0.000000 0.000000 0.000000 0.000000 0.000000
0.000000 0.000000 0.000000 0.000000 0.000000
0.000000 0.000000 0.000000 0.000000 0.000000
0.000000 0.000000 0.000000 0.000000 0.000000
0.000000 0.000000 0.000000 0.000000 0.000000
0.000000 0.000000 0.000000 0.000000 0.000000
0.000000 0.000000 0.000000 0.000000 0.000000
0.000000 0.000000 0.000000 0.000000 0.000000
0.000000 0.000000 0.000000 0.000000 0.000000
0.000048 0.000042 0.000000 0.000138 0.000618
0.004032 0.000000 0.000000 0.000635 0.000430
0.018092 0.000000 0.000000 0.003469 0.000000
0.046689 0.000000 0.000000 0.006057 0.000000
0.099126 0.000000 0.000000 0.005678 0.005787
0.115342 0.000000 0.005478 0.003369 0.042819
0.069549 0.000000 0.053397 0.001201 0.091798
0.000000 0.000000 0.116087 0.000000 0.099905
0.000000 0.047972 0.096246 0.000000 0.090925
0.000000 0.130134 0.030566 0.000000 0.053691
0.000000 0.134781 0.000000 0.017861 0.016287
0.000000 0.107410 0.000000 0.055653 0.000000
0.000000 0.045345 0.000000 0.082767 0.000000
0.000000 0.000000 0.000000 0.096264 0.000000
0.000000 0.000000 0.000000 0.070689 0.000000
0.000928 0.000000 0.000000 0.020857 0.000000
0.000000 0.000000 0.000000 0.000000 0.000000
0.000000 0.000000 0.000000 0.000000 0.000000
0.000000 0.000000 0.000000 0.000000 0.000000
0.000000 0.000000 0.000000 0.000000 0.000000
0.000000 0.000000 0.000000 0.000000 0.000000
0.000000 0.000000 0.000000 0.000000 0.000000
0.000000 0.000000 0.000000 0.000000 0.000000
0.000000 0.000000 0.000000 0.000000 0.000000
0.000000 0.000000 0.000000 0.000000 0.000000
0.000000 0.000000 0.000000 0.000000 0.000000
0.000000 0.000000 0.000000 0.000000 0.000000
0.000000 0.000000 0.000000 0.000000 0.000000
0.000151 0.000000 0.000000 0.000040 0.000000
0.016198 0.000000 0.000390 0.002195 0.000000
0.030784 0.000000 0.000000 0.004098 0.000000
0.071309 0.000000 0.000000 0.003824 0.002842
0.117233 0.000000 0.000000 0.001748 0.028323
0.085163 0.000000 0.022775 0.001739 0.070565
0.016791 0.000000 0.081543 0.000000 0.099255
0.000000 0.000000 0.111616 0.000000 0.087239
0.000000 0.063520 0.077034 0.000000 0.064202
0.000000 0.127270 0.011552 0.000000 0.024651
0.000000 0.124909 0.000000 0.015701 0.004090
0.000000 0.103869 0.000000 0.050993 0.000000
0.000000 0.045070 0.000000 0.072843 0.000000
0.000000 0.000000 0.000000 0.091742 0.000000
0.000000 0.000000 0.000000 0.070564 0.000000
0.001361 0.000000 0.000000 0.016937 0.000000
0.000000 0.000000 0.000000 0.000000 0.000000
0.000000 0.000000 0.000000 0.000000 0.000000
0.000000 0.000000 0.000000 0.000000 0.000000
0.000000 0.000000 0.000000 0.000000 0.000000
0.000000 0.000000 0.000000 0.000000 0.000000
0.000000 0.000000 0.000000 0.000000 0.000000
0.000000 0.000000 0.000000 0.000000 0.000000
0.000000 0.000000 0.000000 0.000000 0.000000
0.000000 0.000000 0.000000 0.000000 0.000000
0.000000 0.000000 0.000000 0.000000 0.000000
0.000000 0.000000 0.000000 0.000000 0.000000
0.000000 0.000000 0.000000 0.000000 0.000000
0.011473 0.000000 0.000289 0.001382 0.000000
0.022804 0.000000 0.000679 0.004210 0.000000
0.033841 0.000000 0.000000 0.001263 0.000046
0.096836 0.000000 0.000000 0.003835 0.019177
0.101270 0.000000 0.003059 0.002149 0.053793
0.033083 0.000000 0.046766 0.000000 0.083036
0.000000 0.000000 0.094401 0.000000 0.089010
0.000000 0.015223 0.102052 0.000000 0.071095
0.000000 0.082811 0.054973 0.000000 0.041359
0.000000 0.123656 0.000000 0.000000 0.013836
0.000000 0.116419 0.000000 0.008834 0.000000
0.000000 0.097492 0.000000 0.045474 0.000000
0.000000 0.042616 0.000000 0.070493 0.000000
0.000000 0.000000 0.000000 0.079347 0.000000
0.000000 0.000000 0.000000 0.058592 0.000000
0.001064 0.000000 0.000000 0.016552 0.000000
0.000000 0.000000 0.000000 0.000000 0.000000
0.000000 0.000000 0.000000 0.000000 0.000000
0.000000 0.000000 0.000000 0.000000 0.000000
0.000000 0.000000 0.000000 0.000000 0.000000
0.000000 0.000000 0.000000 0.000000 0.000000
0.000000 0.000000 0.000000 0.000000 0.000000
0.000000 0.000000 0.000000 0.000000 0.000000
0.000000 0.000000 0.000000 0.000000 0.000000
0.000000 0.000000 0.000000 0.000000 0.000000
0.000000 0.000000 0.000000 0.000000 0.000000
0.000000 0.000000 0.000000 0.000000 0.000000
0.005164 0.000000 0.000081 0.000633 0.000000
0.018745 0.000000 0.000170 0.002834 0.000000
0.013980 0.000000 0.000000 0.001515 0.000000
0.054586 0.000000 0.000000 0.000067 0.013694
0.089566 0.000000 0.000000 0.004711 0.031226
0.058745 0.000000 0.014210 0.002469 0.066373
0.004596 0.000000 0.051801 0.000000 0.078276
0.000000 0.000000 0.073927 0.000000 0.072365
0.000000 0.032234 0.070445 0.000000 0.041027
0.000000 0.080146 0.032985 0.000000 0.026056
0.000000 0.107551 0.000000 0.000000 0.008930
0.004011 0.114128 0.000000 0.000000 0.000000
0.000000 0.081923 0.000000 0.040089 0.000000
0.000000 0.038375 0.000000 0.061961 0.000000
0.000000 0.005525 0.000000 0.061728 0.000000
0.000000 0.000000 0.000000 0.037277 0.000000
0.000000 0.000000 0.000709 0.017027 0.000000
0.000000 0.000000 0.000789 0.012985 0.000000
0.000000 0.000000 0.000000 0.000000 0.000000
0.000000 0.000000 0.000000 0.000000 0.000000
0.000000 0.000000 0.000000 0.000000 0.000000
0.000000 0.000000 0.000000 0.000000 0.000000
0.000000 0.000000 0.000000 0.000000 0.000000
0.000000 0.000000 0.000000 0.000000 0.000000
0.000000 0.000000 0.000000 0.000000 0.000000
0.000000 0.000000 0.000000 0.000000 0.000000
0.000000 0.000000 0.000000 0.000000 0.000000
0.000000 0.000000 0.000000 0.000000 0.000000
0.014071 0.000000 0.000000 0.002278 0.000000
0.011526 0.000000 0.000205 0.001362 0.000000
0.007335 0.000000 0.000046 0.000000 0.000000
0.052082 0.000000 0.000000 0.000000 0.004806
0.054067 0.000000 0.000000 0.000276 0.019012
0.025156 0.000000 0.009162 0.000000 0.043778
0.000000 0.000000 0.010514 0.000000 0.057500
0.003549 0.018764 0.008693 0.000000 0.047043
0.000000 0.028373 0.022236 0.000000 0.023826
0.000000 0.027882 0.006446 0.000000 0.009380
0.000000 0.074389 0.000000 0.000000 0.008958
0.000000 0.094800 0.000000 0.000000 0.002402
0.000000 0.059986 0.000000 0.023999 0.000000
0.000000 0.026546 0.000000 0.031147 0.000000
0.000000 0.004585 0.000000 0.026762 0.000000
0.000000 0.000000 0.000387 0.009814 0.000000
0.000000 0.000000 0.001023 0.016830 0.000000
0.000000 0.000000 0.000697 0.011462 0.000000
0.000000 0.000000 0.000000 0.000000 0.000000
0.000000 0.000000 0.000000 0.000000 0.000000
0.000000 0.000000 0.000000 0.000000 0.000000
0.000000 0.000000 0.000000 0.000000 0.000000
0.000000 0.000000 0.000000 0.000000 0.000000
0.000000 0.000000 0.000000 0.000000 0.000000
0.000000 0.000000 0.000000 0.000000 0.000000
0.000000 0.000000 0.000000 0.000000 0.000000
0.000000 0.000000 0.000000 0.000000 0.000000
0.000000 0.000000 0.000000 0.000000 0.000000
0.000415 0.000000 0.000000 0.000110 0.000000
0.000000 0.000000 0.000000 0.000000 0.000000
0.008352 0.000000 0.000317 0.000150 0.000000
0.032876 0.000000 0.000000 0.000000 0.000000
0.013492 0.000000 0.000000 0.000000 0.000974
0.007561 0.001716 0.000000 0.000000 0.000635
0.012101 0.003337 0.000000 0.000000 0.001566
0.008231 0.007636 0.000000 0.000000 0.003761
0.000315 0.007420 0.003017 0.000000 0.003255
0.000000 0.000007 0.000737 0.000000 0.000144
0.000000 0.009020 0.000000 0.000000 0.000404
0.000000 0.020905 0.000000 0.000000 0.001559
0.000000 0.009011 0.000000 0.000000 0.000742
0.000131 0.008129 0.000000 0.001289 0.000000
0.000051 0.003181 0.000000 0.000504 0.000000
0.000000 0.000000 0.000000 0.000000 0.000000
0.000000 0.000000 0.000000 0.000000 0.000000
0.000000 0.000000 0.000000 0.000000 0.000000
0.000000 0.000000 0.000000 0.000000 0.000000
0.000000 0.000000 0.000000 0.000000 0.000000
0.000000 0.000000 0.000000 0.000000 0.000000
0.000000 0.000000 0.000000 0.000000 0.000000
0.000000 0.000000 0.000000 0.000000 0.000000
0.000000 0.000000 0.000000 0.000000 0.000000
0.000000 0.000000 0.000000 0.000000 0.000000
0.000000 0.000000 0.000000 0.000000 0.000000
0.000000 0.000000 0.000000 0.000000 0.000000
0.000000 0.000000 0.000000 0.000000 0.000000
0.000000 0.000000 0.000000 0.000000 0.000000
0.000000 0.000000 0.000000 0.000000 0.000000
0.011097 0.001636 0.000000 0.000000 0.000000
0.006952 0.001025 0.000000 0.000000 0.000000
0.000000 0.000000 0.000000 0.000000 0.000000
0.000000 0.000000 0.000000 0.000000 0.000000
0.000000 0.000000 0.000000 0.000000 0.000000
0.001309 0.000589 0.000000 0.000000 0.000512
0.000000 0.000000 0.000000 0.000000 0.000000
0.000000 0.000000 0.000000 0.000000 0.000000
0.000000 0.000000 0.000000 0.000000 0.000000
0.000000 0.000000 0.000000 0.000000 0.000000
0.000000 0.000000 0.000000 0.000000 0.000000
0.000000 0.000000 0.000000 0.000000 0.000000
0.000000 0.000000 0.000000 0.000000 0.000000
0.000000 0.000000 0.000000 0.000000 0.000000
0.000000 0.000000 0.000000 0.000000 0.000000
0.000000 0.000000 0.000000 0.000000 0.000000
0.000000 0.000000 0.000000 0.000000 0.000000
0.000000 0.000000 0.000000 0.000000 0.000000
0.000000 0.000000 0.000000 0.000000 0.000000
0.000000 0.000000 0.000000 0.000000 0.000000
0.000000 0.000000 0.000000 0.000000 0.000000
0.000000 0.000000 0.000000 0.000000 0.000000
0.000000 0.000000 0.000000 0.000000 0.000000
0.000000 0.000000 0.000000 0.000000 0.000000
0.000000 0.000000 0.000000 0.000000 0.000000
0.000000 0.000000 0.000000 0.000000 0.000000
0.000000 0.000000 0.000000 0.000000 0.000000
0.000000 0.000000 0.000000 0.000000 0.000000
0.000000 0.000000 0.000000 0.000000 0.000000
0.000000 0.000000 0.000000 0.000000 0.000000
0.000000 0.000000 0.000000 0.000000 0.000000
0.000000 0.000000 0.000000 0.000000 0.000000
0.000000 0.000000 0.000000 0.000000 0.000000
0.000000 0.000000 0.000000 0.000000 0.000000
0.000000 0.000000 0.000000 0.000000 0.000000
0.000000 0.000000 0.000000 0.000000 0.000000
0.000000 0.000000 0.000000 0.000000 0.000000
0.000000 0.000000 0.000000 0.000000 0.000000
0.000000 0.000000 0.000000 0.000000 0.000000
0.000000 0.000000 0.000000 0.000000 0.000000
0.000000 0.000000 0.000000 0.000000 0.000000
0.000000 0.000000 0.000000 0.000000 0.000000
0.000000 0.000000 0.000000 0.000000 0.000000
0.000000 0.000000 0.000000 0.000000 0.000000
0.000000 0.000000 0.000000 0.000000 0.000000
0.000000 0.000000 0.000000 0.000000 0.000000
0.000000 0.000000 0.000000 0.000000 0.000000
0.000000 0.000000 0.000000 0.000000 0.000000
