0.000000 0.000000 0.000000 0.000000 0.000000
0.000000 0.000000 0.000000 0.000000 0.000000
0.000000 0.000000 0.000000 0.000000 0.000000
0.000000 0.000000 0.000000 0.000000 0.000000
0.000000 0.000000 0.000000 0.000000 0.000000
0.000000 0.000000 0.000000 0.000000 0.000000
0.000000 0.000000 0.000000 0.000000 0.000000
0.000000 0.000000 0.000000 0.000000 0.000000
0.000000 0.000000 0.000000 0.000000 0.000000
0.000000 0.000000 0.000000 0.000000 0.000000
0.000000 0.000000 0.000000 0.000000 0.000000
0.000000 0.000000 0.000000 0.000000 0.000000
0.000000 0.000000 0.000000 0.000000 0.000000
0.000000 0.000000 0.000000 0.000000 0.000000
0.000000 0.000000 0.000000 0.000000 0.000000
0.000000 0.000000 0.000000 0.000000 0.000000
0.000000 0.000000 0.000000 0.000000 0.000000
0.000000 0.000000 0.000000 0.000000 0.000000
0.000000 0.000000 0.000000 0.000000 0.000000
0.000000 0.000000 0.000000 0.000000 0.000000
0.000000 0.000000 0.000000 0.000000 0.000000
0.000000 0.000000 0.000000 0.000000 0.000000
0.000000 0.000000 0.000000 0.000000 0.000000
0.000000 0.000000 0.000000 0.000000 0.000000
0.000000 0.000000 0.000000 0.000000 0.000000
0.000000 0.000000 0.000000 0.000000 0.000000
0.000000 0.000000 0.000000 0.000000 0.000000
0.000000 0.000000 0.000000 0.000000 0.000000
0.000000 0.000000 0.000000 0.000000 0.000000
0.000000 0.000000 0.000000 0.000000 0.000000
0.000000 0.000000 0.000000 0.000000 0.000000
0.000000 0.000000 0.000000 0.000000 0.000000
0.000000 0.000000 0.000000 0.000000 0.000000
0.000000 0.000000 0.000000 0.000000 0.000000
0.000000 0.000000 0.000000 0.000000 0.000000
0.000000 0.000000 0.000000 0.000000 0.000000
0.000000 0.000000 0.000000 0.000000 0.000000
0.000000 0.000000 0.000000 0.000000 0.000000
0.000000 0.000000 0.000000 0.000000 0.000000
0.000000 0.000000 0.000000 0.000000 0.000000
0.000000 0.000000 0.000000 0.000000 0.000000
0.000000 0.000000 0.000000 0.000000 0.000000
0.000000 0.000000 0.000000 0.000000 0.000000
0.000000 0.000000 0.000000 0.000000 0.000000
0.000000 0.000000 0.000000 0.000000 0.000000
0.000000 0.000000 0.000000 0.000000 0.000000
0.000000 0.000000 0.000000 0.000000 0.000000
0.000000 0.000000 0.000000 0.000000 0.000000
0.000000 0.000000 0.000000 0.000000 0.000000
0.000000 0.000000 0.000000 0.000000 0.000000
0.000000 0.000000 0.000000 0.000000 0.000000
0.000000 0.000000 0.000000 0.000000 0.000000
0.000000 0.000000 0.000000 0.000000 0.000000
0.000000 0.000000 0.000000 0.000000 0.000000
0.000000 0.000000 0.000000 0.000000 0.000000
0.000000 0.000000 0.000000 0.000000 0.000000
0.000000 0.000000 0.000000 0.000000 0.000000
0.000000 0.000000 0.000000 0.000000 0.000000
0.000000 0.000000 0.000000 0.000000 0.000000
0.000000 0.000000 0.000000 0.000000 0.000000
0.000000 0.000000 0.000000 0.000000 0.000000
0.000000 0.000000 0.000000 0.000000 0.000000
0.000000 0.000000 0.000000 0.000000 0.000000
0.000000 0.000000 0.000000 0.000000 0.000000
0.000000 0.000000 0.000000 0.000000 0.000000
0.000000 0.000000 0.000000 0.000000 0.000000
0.000000 0.000000 0.000000 0.000000 0.000000
0.000000 0.000000 0.000000 0.000000 0.000000
0.000000 0.000000 0.000000 0.000000 0.000000
0.000000 0.000000 0.000000 0.000000 0.000000
0.000000 0.000000 0.000000 0.000000 0.000000
0.000000 0.000000 0.000000 0.000000 0.000000
0.000000 0.000000 0.000000 0.000000 0.000000
0.000000 0.000000 0.000000 0.000000 0.000000
0.000000 0.000000 0.000000 0.000000 0.000000
0.000000 0.000000 0.000000 0.000000 0.000000
0.000000 0.000000 0.000000 0.000000 0.000000
0.000000 0.000000 0.000000 0.000000 0.000000
0.000000 0.000000 0.000000 0.000000 0.000000
0.000000 0.000000 0.000000 0.000000 0.000000
0.000000 0.000000 0.000000 0.000000 0.000000
0.000000 0.000000 0.000000 0.000000 0.000000
0.000000 0.000000 0.000000 0.000000 0.000000
0.000000 0.000000 0.000000 0.000000 0.000000
0.000000 0.000000 0.000000 0.000000 0.000000
0.000000 0.000000 0.000000 0.000000 0.000000
0.000000 0.000000 0.000000 0.000000 0.000000
0.000000 0.000000 0.000000 0.000000 0.000000
0.000000 0.000000 0.000000 0.000000 0.000000
0.000000 0.000000 0.000000 0.000000 0.000000
0.000000 0.000000 0.000000 0.000000 0.000000
0.000000 0.000000 0.000000 0.000000 0.000000
0.000000 0.000000 0.000000 0.000000 0.000000
0.000000 0.000000 0.000000 0.000000 0.000000
0.000000 0.000000 0.000000 0.000000 0.000000
0.000000 0.000000 0.000000 0.000000 0.000000
0.000000 0.000000 0.000000 0.000000 0.000000
0.000000 0.000000 0.000000 0.000000 0.000000
0.000000 0.000000 0.000000 0.000000 0.000000
0.000000 0.000000 0.000000 0.000000 0.000000
0.000000 0.000000 0.000000 0.000000 0.000000
0.000000 0.000000 0.000000 0.000000 0.000000
0.000000 0.000000 0.000000 0.000000 0.000000
0.000000 0.000000 0.000000 0.000000 0.000000
0.000000 0.000000 0.000000 0.000000 0.000000
0.000000 0.000000 0.000000 0.000000 0.000000
0.000000 0.000000 0.000000 0.000000 0.000000
0.000000 0.000000 0.000000 0.000000 0.000000
0.000000 0.000000 0.000000 0.000000 0.000000
0.000000 0.000000 0.000000 0.000000 0.000000
0.000000 0.000000 0.000000 0.000000 0.000000
0.000000 0.000000 0.000000 0.000000 0.000000
0.000000 0.000000 0.000000 0.000000 0.000000
0.000000 0.000000 0.000000 0.000000 0.000000
0.000000 0.000000 0.000000 0.000000 0.000000
0.000000 0.000000 0.000000 0.000000 0.000000
0.000000 0.000000 0.000000 0.000000 0.000000
0.000000 0.000000 0.000000 0.000000 0.000000
0.000000 0.000000 0.000000 0.000000 0.000000
0.000000 0.000000 0.000000 0.000000 0.000000
0.000000 0.000000 0.000000 0.000000 0.000000
0.000000 0.000000 0.000000 0.000000 0.000000
0.000000 0.000000 0.000000 0.000000 0.000000
0.000000 0.000000 0.000000 0.005918 0.000000
0.000000 0.000051 0.000000 0.012937 0.002304
0.000000 0.000000 0.000000 0.044472 0.003089
0.000000 0.000000 0.000000 0.081874 0.007635
0.000000 0.000870 0.000000 0.098820 0.021143
0.000000 0.000000 0.000000 0.094617 0.035265
0.000000 0.000000 0.000000 0.062310 0.035592
0.000000 0.004739 0.000000 0.031162 0.032375
0.000000 0.009134 0.000000 0.008789 0.029729
0.000000 0.010005 0.000000 0.000000 0.024917
0.000000 0.013110 0.002198 0.000000 0.002866
0.002273 0.009968 0.001951 0.000000 0.000000
0.000000 0.005122 0.003814 0.000000 0.000790
0.000000 0.001904 0.002686 0.000000 0.000904
0.000000 0.000000 0.000000 0.000000 0.000000
0.000000 0.000000 0.000000 0.000000 0.000000
0.000000 0.000000 0.000000 0.000000 0.000000
0.000000 0.000000 0.000000 0.000000 0.000000
0.000000 0.000000 0.000000 0.000000 0.000000
0.000000 0.000000 0.000000 0.000000 0.000000
0.000000 0.000000 0.000000 0.000000 0.000000
0.000000 0.000000 0.000000 0.000000 0.000000
0.000000 0.000000 0.000000 0.000000 0.000000
0.000000 0.000000 0.000000 0.000000 0.000000
0.000000 0.000000 0.000000 0.000000 0.000000
0.000000 0.000041 0.000469 0.000683 0.000000
0.000368 0.000086 0.001385 0.003248 0.000000
0.000526 0.000000 0.003010 0.019081 0.000000
0.013631 0.000000 0.000648 0.071231 0.000000
0.015828 0.000000 0.004551 0.116100 0.001358
0.000000 0.000000 0.012464 0.159463 0.023795
0.000000 0.000000 0.022896 0.179570 0.060192
0.000000 0.006130 0.025352 0.162700 0.082858
0.000000 0.030570 0.009792 0.143752 0.095102
0.000000 0.053019 0.000000 0.119410 0.099500
0.000000 0.069195 0.000000 0.086445 0.086620
0.000000 0.071072 0.000000 0.058838 0.069244
0.000000 0.064115 0.000000 0.021671 0.052239
0.000000 0.046857 0.000000 0.005684 0.024805
0.010457 0.022059 0.006367 0.000000 0.001452
0.017193 0.006710 0.009947 0.000000 0.000000
0.006617 0.000244 0.001321 0.000000 0.001136
0.005315 0.000454 0.000000 0.000000 0.000000
0.003757 0.000321 0.000000 0.000000 0.000000
0.000000 0.000000 0.000000 0.000000 0.000000
0.000000 0.000000 0.000000 0.000000 0.000000
0.000000 0.000000 0.000000 0.000000 0.000000
0.000000 0.000000 0.000000 0.000000 0.000000
0.000000 0.000000 0.000000 0.000000 0.000000
0.000144 0.001393 0.000036 0.000000 0.000000
0.000296 0.000000 0.000322 0.000000 0.000000
0.005517 0.000000 0.006016 0.000000 0.000000
0.010665 0.000000 0.008357 0.003148 0.000000
0.010435 0.000000 0.013322 0.017778 0.000000
0.018806 0.000000 0.021080 0.033109 0.000000
0.040102 0.000000 0.032084 0.090818 0.000000
0.052055 0.000000 0.050151 0.126435 0.000000
0.015472 0.000000 0.062941 0.148417 0.036019
0.002498 0.000000 0.075731 0.133432 0.091334
0.012139 0.021717 0.082950 0.086055 0.111998
0.004881 0.044473 0.091946 0.039508 0.114972
0.022799 0.066897 0.089334 0.021458 0.094703
0.040172 0.084463 0.078738 0.029424 0.079679
0.021380 0.089260 0.043285 0.033232 0.082066
0.008119 0.092333 0.010704 0.034270 0.075884
0.000000 0.093418 0.007911 0.015418 0.063894
0.000000 0.077581 0.000000 0.014297 0.051239
0.010160 0.040741 0.002636 0.000000 0.017316
0.025981 0.010823 0.004336 0.000000 0.005040
0.025076 0.007922 0.002502 0.000000 0.000000
0.013703 0.003109 0.000000 0.000000 0.000000
0.012451 0.000724 0.000000 0.000000 0.000000
0.013421 0.000000 0.000000 0.000000 0.000000
0.000000 0.000000 0.000000 0.000000 0.000000
0.000000 0.000000 0.000000 0.000000 0.000000
0.000000 0.000000 0.000000 0.000000 0.000000
0.000000 0.000000 0.000000 0.000000 0.000000
0.000060 0.000578 0.000015 0.000000 0.000000
0.001461 0.000000 0.001798 0.000000 0.000000
0.009256 0.000000 0.008005 0.009531 0.000000
0.020557 0.000000 0.013797 0.030003 0.000000
0.027458 0.000000 0.025510 0.041833 0.000000
0.049808 0.000000 0.054241 0.061905 0.000000
0.077150 0.000000 0.080111 0.077727 0.000000
0.063416 0.000000 0.087002 0.079224 0.035367
0.015884 0.000000 0.070313 0.041127 0.112924
0.005098 0.029718 0.073464 0.000000 0.127738
0.022747 0.064018 0.088982 0.000000 0.100875
0.053213 0.073293 0.103663 0.000000 0.068877
0.063577 0.081146 0.111091 0.000000 0.040417
0.078204 0.066081 0.120069 0.000000 0.026104
0.073236 0.054392 0.080911 0.002532 0.038087
0.045672 0.058064 0.042191 0.018634 0.056026
0.009985 0.076924 0.013007 0.013874 0.064098
0.000000 0.088436 0.000000 0.005610 0.051805
0.030266 0.058099 0.000000 0.000000 0.016113
0.055324 0.032257 0.001871 0.000000 0.000000
0.032422 0.009291 0.004670 0.000000 0.000000
0.026327 0.004900 0.000000 0.000000 0.000000
0.023516 0.001716 0.000191 0.000000 0.000000
0.011349 0.000000 0.000000 0.000000 0.000000
0.000000 0.000000 0.000000 0.000000 0.000000
0.000000 0.000000 0.000000 0.000000 0.000000
0.000000 0.000000 0.000000 0.000000 0.000000
0.000000 0.000000 0.000000 0.000000 0.000000
0.000000 0.000000 0.000000 0.000000 0.000000
0.001550 0.000000 0.000000 0.011966 0.000000
0.010009 0.000000 0.010664 0.041651 0.000000
0.046861 0.000000 0.026985 0.033598 0.000000
0.046031 0.000000 0.053081 0.041229 0.000000
0.073451 0.000000 0.091152 0.042390 0.000000
0.099295 0.000000 0.081997 0.038302 0.018923
0.058859 0.000000 0.056873 0.030578 0.093670
0.007449 0.034022 0.040198 0.000000 0.124117
0.016250 0.083965 0.055909 0.000000 0.085005
0.029989 0.092110 0.082737 0.000000 0.035204
0.045134 0.087910 0.098354 0.000000 0.000000
0.050143 0.042887 0.107416 0.000000 0.000000
0.047262 0.015858 0.135725 0.000000 0.000000
0.035596 0.019430 0.108256 0.013724 0.014774
0.046198 0.047075 0.054349 0.028280 0.031562
0.033168 0.070657 0.001145 0.014898 0.061782
0.026957 0.092456 0.000000 0.011229 0.049291
0.069926 0.083544 0.000000 0.004043 0.006554
0.093689 0.047868 0.000000 0.000000 0.000000
0.078113 0.025684 0.009398 0.000000 0.000000
0.032386 0.003582 0.002829 0.000000 0.000000
0.010858 0.000448 0.000000 0.000000 0.000000
0.000000 0.000000 0.000000 0.000000 0.000000
0.000000 0.000000 0.000000 0.000000 0.000000
0.000000 0.000000 0.000000 0.000000 0.000000
0.000000 0.000000 0.000000 0.000000 0.000000
0.000000 0.000000 0.000000 0.000000 0.000000
0.000473 0.000100 0.001699 0.002459 0.000000
0.007673 0.000000 0.007099 0.028243 0.000000
0.022513 0.000000 0.017043 0.033071 0.000000
0.037368 0.000000 0.036682 0.016653 0.000000
0.047589 0.000000 0.071008 0.034763 0.000000
0.100491 0.000000 0.092077 0.044641 0.000000
0.113874 0.000000 0.075168 0.028559 0.040567
0.057528 0.006584 0.037418 0.024178 0.098600
0.000000 0.070916 0.018378 0.002488 0.100763
0.000000 0.112719 0.044142 0.000000 0.036797
0.012511 0.081373 0.069779 0.000000 0.000000
0.019776 0.044740 0.075830 0.005364 0.000000
0.007681 0.012831 0.110752 0.009059 0.000000
0.000000 0.014494 0.133988 0.023352 0.011700
0.004272 0.031435 0.095206 0.035060 0.024873
0.037119 0.056533 0.039280 0.053731 0.049863
0.042831 0.088683 0.000000 0.017120 0.062910
0.078132 0.085855 0.000000 0.012993 0.043692
0.130708 0.079087 0.000000 0.000000 0.000000
0.112646 0.051999 0.000000 0.000000 0.000000
0.059913 0.020039 0.000000 0.000000 0.000000
0.020779 0.004887 0.000628 0.000000 0.000000
0.000667 0.000000 0.000000 0.000000 0.000251
0.000000 0.000000 0.000000 0.000000 0.000000
0.000000 0.000000 0.000000 0.000000 0.000000
0.000000 0.000000 0.000000 0.000000 0.000000
0.000000 0.000000 0.000000 0.000000 0.000000
0.000000 0.000000 0.000000 0.000000 0.000000
0.000000 0.000970 0.011642 0.000000 0.000000
0.011756 0.000000 0.013874 0.021577 0.000000
0.023711 0.000000 0.016491 0.022689 0.000000
0.039615 0.000000 0.043922 0.009273 0.000000
0.052510 0.000000 0.067531 0.031186 0.000000
0.126504 0.000000 0.059150 0.042038 0.000000
0.157845 0.000000 0.052619 0.021800 0.030402
0.069747 0.019243 0.034540 0.015548 0.089877
0.000000 0.079892 0.021854 0.043889 0.093158
0.000000 0.100475 0.032228 0.045065 0.047247
0.000000 0.069052 0.042703 0.042368 0.000000
0.000000 0.039532 0.079550 0.041685 0.000000
0.000000 0.034656 0.139277 0.043229 0.000000
0.000000 0.047587 0.123902 0.046451 0.025268
0.000000 0.064354 0.048389 0.065426 0.055746
0.056806 0.078237 0.000000 0.065160 0.073328
0.102514 0.070593 0.000000 0.031054 0.060127
0.117978 0.073809 0.000000 0.004085 0.021585
0.112852 0.047093 0.000000 0.000000 0.000000
0.055260 0.022713 0.000000 0.000000 0.000000
0.014421 0.004199 0.000000 0.000000 0.003809
0.000000 0.000000 0.000000 0.002285 0.005145
0.000000 0.000000 0.000000 0.001203 0.002649
0.000000 0.000000 0.000000 0.000000 0.000000
0.000000 0.000000 0.000000 0.000000 0.000000
0.000000 0.000000 0.000000 0.000000 0.000000
0.000000 0.000000 0.000000 0.000000 0.000000
0.000000 0.000000 0.000000 0.000000 0.000000
0.000064 0.001074 0.013150 0.000000 0.000000
0.010438 0.000000 0.015141 0.013868 0.000000
0.020125 0.000000 0.016244 0.023684 0.000000
0.023002 0.000000 0.034517 0.017914 0.000000
0.052178 0.000000 0.053305 0.028888 0.000000
0.155505 0.000000 0.043867 0.024631 0.000000
0.186778 0.000000 0.043221 0.021907 0.009632
0.112080 0.010527 0.045650 0.023914 0.068622
0.000000 0.057162 0.033536 0.083385 0.106056
0.000000 0.094882 0.026537 0.109746 0.066453
0.000000 0.071237 0.059801 0.102130 0.015396
0.000000 0.062624 0.115224 0.065981 0.004132
0.000000 0.065230 0.128844 0.049327 0.040817
0.000000 0.081972 0.053504 0.076316 0.072797
0.064231 0.079586 0.000000 0.068787 0.081371
0.129270 0.061803 0.000000 0.026970 0.062267
0.143531 0.059238 0.000000 0.000000 0.021106
0.092212 0.040530 0.000000 0.000000 0.000000
0.058903 0.020646 0.000000 0.000000 0.000000
0.015789 0.002090 0.001403 0.000000 0.000000
0.000000 0.000000 0.000000 0.000592 0.001418
0.000000 0.000000 0.000000 0.000468 0.001031
0.000000 0.000000 0.000000 0.000000 0.000000
0.000000 0.000000 0.000000 0.000000 0.000000
0.000000 0.000000 0.000000 0.000000 0.000000
0.000000 0.000000 0.000000 0.000000 0.000000
0.000000 0.000000 0.000000 0.000000 0.000000
0.000000 0.000000 0.000000 0.000000 0.000000
0.000000 0.001129 0.013038 0.000000 0.000000
0.001165 0.000684 0.013585 0.003013 0.000000
0.000862 0.001074 0.014409 0.018058 0.000000
0.017805 0.000361 0.032893 0.016026 0.000000
0.052373 0.000000 0.042836 0.012360 0.000000
0.131983 0.000000 0.051302 0.009618 0.000000
0.172838 0.000000 0.063799 0.011206 0.000000
0.132870 0.000000 0.067283 0.016258 0.043743
0.005209 0.042660 0.050966 0.067844 0.100180
0.000000 0.082604 0.042914 0.142700 0.088457
0.000000 0.081305 0.093307 0.151558 0.052880
0.000000 0.091807 0.124792 0.102019 0.054289
0.000000 0.094794 0.061277 0.090864 0.082058
0.079361 0.082316 0.000000 0.069897 0.084532
0.149252 0.061334 0.000000 0.023166 0.056488
0.143806 0.042290 0.000000 0.000000 0.019113
0.095356 0.020449 0.000000 0.000000 0.000000
0.054522 0.004935 0.009009 0.000000 0.000000
0.016237 0.000000 0.004953 0.001176 0.000000
0.006759 0.000000 0.001773 0.001617 0.000227
0.003565 0.000000 0.000926 0.000847 0.000147
0.000000 0.000000 0.000000 0.000000 0.000000
0.000000 0.000000 0.000000 0.000000 0.000000
0.000000 0.000000 0.000000 0.000000 0.000000
0.000000 0.000000 0.000000 0.000000 0.000000
0.000000 0.000000 0.000000 0.000000 0.000000
0.000000 0.000000 0.000000 0.000000 0.000000
0.000000 0.000000 0.000000 0.000000 0.000000
0.000000 0.000254 0.002937 0.000000 0.000000
0.000000 0.000266 0.002977 0.000411 0.000000
0.000000 0.001070 0.010607 0.011330 0.000000
0.011322 0.000537 0.023491 0.012537 0.000000
0.035700 0.002458 0.040366 0.003853 0.000000
0.088075 0.002896 0.046500 0.000000 0.000000
0.131451 0.000000 0.067255 0.000000 0.000000
0.131140 0.002170 0.083566 0.008329 0.016210
0.056377 0.045871 0.080703 0.065753 0.075241
0.000000 0.079137 0.088197 0.118391 0.106480
0.000000 0.094402 0.108354 0.118607 0.097898
0.003496 0.100832 0.085152 0.103000 0.088089
0.081852 0.082963 0.004191 0.099877 0.083722
0.150471 0.054799 0.000000 0.059075 0.043618
0.152651 0.014481 0.000000 0.012173 0.004051
0.087244 0.002590 0.004026 0.000000 0.000000
0.032863 0.000000 0.007599 0.000000 0.001988
0.012958 0.000000 0.004598 0.000000 0.005023
0.004845 0.000000 0.001178 0.001287 0.006830
0.005763 0.000000 0.000860 0.001041 0.004110
0.007221 0.000000 0.001806 0.001681 0.000716
0.001449 0.000000 0.000376 0.000344 0.000060
0.000000 0.000000 0.000000 0.000000 0.000000
0.000000 0.000000 0.000000 0.000000 0.000000
0.000000 0.000000 0.000000 0.000000 0.000000
0.000000 0.000000 0.000000 0.000000 0.000000
0.000000 0.000000 0.000000 0.000000 0.000000
0.000000 0.000000 0.000000 0.000000 0.000000
0.000000 0.000000 0.000000 0.000000 0.000000
0.000000 0.000000 0.000000 0.000000 0.000000
0.000000 0.000673 0.007192 0.003396 0.000000
0.004784 0.000750 0.013740 0.010648 0.000000
0.011859 0.001435 0.014804 0.013023 0.000000
0.051988 0.008482 0.024306 0.016269 0.000000
0.092462 0.014320 0.029301 0.036848 0.000000
0.088090 0.032865 0.049516 0.049611 0.002107
0.054574 0.079852 0.089788 0.074465 0.052897
0.021074 0.097477 0.095779 0.074434 0.096113
0.045558 0.101261 0.104768 0.054295 0.090428
0.062397 0.080549 0.068970 0.061474 0.097082
0.105071 0.040640 0.027798 0.075009 0.062043
0.114885 0.000000 0.003828 0.076645 0.009815
0.063592 0.000000 0.000000 0.070527 0.000000
0.036390 0.000000 0.000000 0.051591 0.000000
0.008901 0.000000 0.000000 0.013223 0.002809
0.000000 0.000000 0.000000 0.000000 0.006940
0.000000 0.000000 0.000000 0.000000 0.007046
0.003548 0.000000 0.000000 0.000300 0.006555
0.005846 0.000000 0.001385 0.001321 0.001049
0.000290 0.000000 0.000075 0.000069 0.000012
0.000000 0.000000 0.000000 0.000000 0.000000
0.000000 0.000000 0.000000 0.000000 0.000000
0.000000 0.000000 0.000000 0.000000 0.000000
0.000000 0.000000 0.000000 0.000000 0.000000
0.000000 0.000000 0.000000 0.000000 0.000000
0.000000 0.000000 0.000000 0.000000 0.000000
0.000000 0.000000 0.000000 0.000000 0.000000
0.000000 0.000174 0.000000 0.000000 0.000350
0.000000 0.000202 0.000000 0.000000 0.000405
0.000000 0.000248 0.000000 0.001695 0.001125
0.000819 0.002533 0.001910 0.007088 0.002008
0.013625 0.016553 0.008215 0.050077 0.000000
0.028556 0.045838 0.015113 0.078915 0.000000
0.027195 0.099624 0.029172 0.084061 0.018238
0.047845 0.109977 0.083515 0.053884 0.055404
0.092973 0.098681 0.088323 0.032172 0.071084
0.086997 0.089947 0.092942 0.014124 0.083802
0.062391 0.039451 0.092159 0.005260 0.103350
0.046080 0.003341 0.087794 0.038717 0.056625
0.043208 0.000000 0.059137 0.086303 0.000000
0.013113 0.000000 0.011300 0.092639 0.000000
0.011735 0.000000 0.000000 0.078949 0.000000
0.008761 0.000000 0.000000 0.043228 0.000000
0.000807 0.000000 0.000000 0.004322 0.001071
0.000000 0.000000 0.000000 0.000000 0.002110
0.000000 0.000000 0.000000 0.000000 0.000548
0.001188 0.000000 0.000309 0.000282 0.000049
0.000000 0.000000 0.000000 0.000000 0.000000
0.000000 0.000000 0.000000 0.000000 0.000000
0.000000 0.000000 0.000000 0.000000 0.000000
0.000000 0.000000 0.000000 0.000000 0.000000
0.000000 0.000000 0.000000 0.000000 0.000000
0.000000 0.000000 0.000000 0.000000 0.000000
0.000000 0.000000 0.000000 0.000000 0.000000
0.000000 0.000000 0.000000 0.000000 0.000000
0.000000 0.000009 0.000000 0.000000 0.000018
0.000000 0.000199 0.000000 0.001590 0.001970
0.000000 0.001899 0.000000 0.006276 0.006171
0.000000 0.014983 0.000000 0.027182 0.003644
0.000000 0.048278 0.000000 0.071083 0.002784
0.004584 0.101946 0.005122 0.102778 0.017249
0.027548 0.117743 0.043748 0.055619 0.052671
0.097265 0.098284 0.097307 0.007981 0.051118
0.134650 0.074790 0.070917 0.000000 0.053430
0.079261 0.077837 0.066502 0.000000 0.081382
0.024551 0.023361 0.074838 0.000000 0.118121
0.000000 0.000000 0.110463 0.016469 0.086008
0.019825 0.000000 0.100867 0.057034 0.015310
0.003381 0.000000 0.049390 0.096468 0.000000
0.003772 0.000000 0.004260 0.086803 0.000000
0.006846 0.000000 0.000000 0.068596 0.000000
0.004866 0.000000 0.000000 0.041016 0.000000
0.000669 0.000000 0.000000 0.002143 0.000000
0.000000 0.000000 0.000000 0.000000 0.000000
0.000000 0.000000 0.000000 0.000000 0.000000
0.000000 0.000000 0.000000 0.000000 0.000000
0.000000 0.000000 0.000000 0.000000 0.000000
0.000000 0.000000 0.000000 0.000000 0.000000
0.000000 0.000000 0.000000 0.000000 0.000000
0.000000 0.000000 0.000000 0.000000 0.000000
0.000000 0.000000 0.000000 0.000000 0.000000
0.000000 0.000000 0.000000 0.000000 0.000000
0.000000 0.000000 0.000000 0.000000 0.000000
0.000000 0.000000 0.000000 0.000000 0.000000
0.000000 0.000762 0.000000 0.004052 0.004934
0.000000 0.013040 0.000000 0.016290 0.004814
0.000000 0.059818 0.000000 0.050208 0.000000
0.000000 0.111528 0.000000 0.074698 0.013794
0.027749 0.119005 0.011708 0.077903 0.052190
0.080623 0.082928 0.062741 0.036324 0.065184
0.132162 0.041915 0.093885 0.000000 0.042466
0.140243 0.052128 0.077983 0.000000 0.013158
0.059058 0.088290 0.026559 0.000000 0.062439
0.000000 0.038249 0.024641 0.000000 0.119115
0.000000 0.000000 0.063105 0.000000 0.114893
0.025714 0.000000 0.099644 0.033283 0.036664
0.028094 0.000000 0.093969 0.073808 0.000000
0.004737 0.000405 0.035651 0.072313 0.000000
0.004410 0.000000 0.005940 0.089762 0.000000
0.005478 0.000000 0.000568 0.061392 0.000000
0.000702 0.000057 0.003384 0.014670 0.000000
0.000000 0.000040 0.000464 0.000000 0.000000
0.000000 0.000000 0.000000 0.000000 0.000000
0.000000 0.000000 0.000000 0.000000 0.000000
0.000000 0.000000 0.000000 0.000000 0.000000
0.000000 0.000000 0.000000 0.000000 0.000000
0.000000 0.000000 0.000000 0.000000 0.000000
0.000000 0.000000 0.000000 0.000000 0.000000
0.000000 0.000000 0.000000 0.000000 0.000000
0.000000 0.000000 0.000000 0.000000 0.000000
0.000000 0.000000 0.000000 0.000000 0.000000
0.000000 0.000207 0.000000 0.001550 0.001902
0.000000 0.006131 0.000000 0.006357 0.003939
0.000000 0.046723 0.000000 0.028876 0.000000
0.005504 0.106466 0.000000 0.044220 0.000000
0.032541 0.122586 0.000000 0.058409 0.046024
0.070181 0.075267 0.026097 0.046186 0.080252
0.103004 0.000000 0.069467 0.009205 0.074244
0.126277 0.015974 0.105020 0.000000 0.001472
0.105960 0.067600 0.081903 0.000000 0.000000
0.028940 0.109031 0.018641 0.000000 0.035389
0.000000 0.053132 0.000689 0.000000 0.111423
0.000000 0.000000 0.042050 0.000000 0.122295
0.040484 0.000000 0.089415 0.000400 0.042682
0.057863 0.000000 0.102114 0.047350 0.000000
0.014648 0.000000 0.067133 0.074735 0.000000
0.001960 0.000000 0.015051 0.089416 0.000000
0.001303 0.000000 0.003999 0.078167 0.000000
0.000000 0.000729 0.009710 0.023336 0.000000
0.000000 0.000587 0.006758 0.000000 0.000000
0.000000 0.000000 0.000000 0.000000 0.000000
0.000000 0.000000 0.000000 0.000000 0.000000
0.000000 0.000000 0.000000 0.000000 0.000000
0.000000 0.000000 0.000000 0.000000 0.000000
0.000000 0.000000 0.000000 0.000000 0.000000
0.000000 0.000000 0.000000 0.000000 0.000000
0.000000 0.000000 0.000000 0.000000 0.000000
0.000000 0.000000 0.000000 0.000000 0.000000
0.000000 0.000000 0.000000 0.000000 0.000000
0.000000 0.003738 0.000000 0.002676 0.000991
0.004314 0.030707 0.000000 0.008069 0.000000
0.011067 0.083764 0.000000 0.034953 0.000000
0.007658 0.131765 0.000000 0.036009 0.023311
0.041292 0.084617 0.000000 0.048052 0.084320
0.085556 0.001590 0.026541 0.045505 0.093880
0.092473 0.000000 0.078419 0.023521 0.035665
0.072045 0.038033 0.115307 0.000000 0.000000
0.043107 0.103705 0.086789 0.000000 0.000000
0.016867 0.118343 0.014978 0.000000 0.038353
0.000000 0.046071 0.000000 0.000000 0.110241
0.000000 0.000000 0.030142 0.000000 0.126972
0.048362 0.000000 0.085214 0.001853 0.041586
0.065551 0.000000 0.104645 0.041639 0.000000
0.027294 0.000000 0.078194 0.077987 0.000000
0.007209 0.000000 0.018954 0.087022 0.000000
0.001200 0.000000 0.006576 0.074999 0.000000
0.000000 0.001117 0.012651 0.020792 0.000000
0.000000 0.001138 0.012996 0.000000 0.000000
0.000000 0.000000 0.000000 0.000000 0.000000
0.000000 0.000000 0.000000 0.000000 0.000000
0.000000 0.000000 0.000000 0.000000 0.000000
0.000000 0.000000 0.000000 0.000000 0.000000
0.000000 0.000000 0.000000 0.000000 0.000000
0.000000 0.000000 0.000000 0.000000 0.000000
0.000000 0.000000 0.000000 0.000000 0.000000
0.000000 0.000000 0.000000 0.000000 0.000000
0.000000 0.000000 0.000000 0.000000 0.000000
0.006963 0.015586 0.000173 0.001678 0.000000
0.018861 0.044685 0.000000 0.015487 0.000000
0.010143 0.109238 0.000000 0.035354 0.000000
0.014438 0.131795 0.000000 0.032314 0.050946
0.042911 0.061232 0.000000 0.044242 0.097172
0.100748 0.000000 0.039372 0.050518 0.064911
0.085376 0.010113 0.076880 0.045217 0.000000
0.052160 0.082769 0.113634 0.009041 0.000000
0.020523 0.124633 0.089698 0.000000 0.000000
0.006363 0.101629 0.019443 0.000000 0.065831
0.007239 0.021492 0.000000 0.000000 0.123665
0.003401 0.000000 0.023769 0.004341 0.111672
0.072990 0.000000 0.078416 0.032233 0.021246
0.064455 0.000000 0.109586 0.059584 0.000000
0.027523 0.000000 0.073833 0.093483 0.000000
0.014195 0.000000 0.022927 0.074781 0.000000
0.004980 0.000000 0.006996 0.049313 0.000000
0.000000 0.001375 0.013792 0.014971 0.000000
0.000000 0.001138 0.012996 0.000000 0.000000
0.000000 0.000000 0.000000 0.000000 0.000000
0.000000 0.000000 0.000000 0.000000 0.000000
0.000000 0.000000 0.000000 0.000000 0.000000
0.000000 0.000000 0.000000 0.000000 0.000000
0.000000 0.000000 0.000000 0.000000 0.000000
0.000000 0.000000 0.000000 0.000000 0.000000
0.000000 0.000000 0.000000 0.000000 0.000000
0.000000 0.000000 0.000000 0.000000 0.000000
0.000000 0.000000 0.000000 0.000000 0.000000
0.015271 0.014048 0.001428 0.000000 0.000000
0.029057 0.049243 0.000000 0.010760 0.000000
0.005374 0.112471 0.000000 0.025780 0.005451
0.008760 0.113005 0.000000 0.030162 0.080327
0.035326 0.050382 0.000000 0.054517 0.101219
0.086539 0.004863 0.026569 0.071819 0.057522
0.067935 0.047769 0.061395 0.092623 0.000000
0.027625 0.111890 0.089225 0.069667 0.000000
0.000000 0.116010 0.068383 0.040110 0.036114
0.000000 0.056688 0.000000 0.035267 0.108125
0.013883 0.000000 0.000000 0.048365 0.120166
0.025373 0.000000 0.025065 0.072943 0.077465
0.060965 0.000000 0.075078 0.103605 0.005744
0.050731 0.000000 0.102900 0.074396 0.000000
0.027026 0.000000 0.067482 0.088331 0.000000
0.018354 0.000000 0.023490 0.062040 0.000000
0.000000 0.000858 0.011167 0.027070 0.000000
0.000000 0.001394 0.013853 0.014592 0.000000
0.000000 0.000866 0.009853 0.000148 0.000000
0.000000 0.000000 0.000000 0.000000 0.000000
0.000000 0.000000 0.000000 0.000000 0.000000
0.000000 0.000000 0.000000 0.000000 0.000000
0.000000 0.000000 0.000000 0.000000 0.000000
0.000000 0.000000 0.000000 0.000000 0.000000
0.000000 0.000000 0.000000 0.000000 0.000000
0.000000 0.000000 0.000000 0.000000 0.000000
0.000000 0.000000 0.000000 0.000000 0.000000
0.000000 0.000000 0.000000 0.000000 0.000000
0.010987 0.010501 0.000908 0.000000 0.000000
0.027984 0.038818 0.000000 0.002529 0.000000
0.018990 0.097080 0.000000 0.000741 0.010322
0.013598 0.114873 0.000000 0.001137 0.074853
0.031409 0.083606 0.000000 0.023847 0.097324
0.052657 0.072993 0.000779 0.072288 0.079391
0.033303 0.092280 0.031239 0.100722 0.066791
0.014876 0.091205 0.057442 0.110842 0.073436
0.007764 0.059354 0.045627 0.102606 0.093173
0.016548 0.000000 0.000000 0.103033 0.121449
0.017725 0.000000 0.003200 0.113585 0.092813
0.037989 0.000000 0.047375 0.117171 0.027675
0.053366 0.000000 0.072412 0.096145 0.000000
0.048727 0.000000 0.094761 0.068622 0.000000
0.022777 0.000000 0.049914 0.075072 0.000000
0.010344 0.000000 0.014245 0.033675 0.000000
0.000000 0.000697 0.006534 0.010355 0.000000
0.000000 0.000629 0.006313 0.006103 0.000000
0.000000 0.000119 0.001351 0.000062 0.000000
0.000000 0.000000 0.000000 0.000000 0.000000
0.000000 0.000000 0.000000 0.000000 0.000000
0.000000 0.000000 0.000000 0.000000 0.000000
0.000000 0.000000 0.000000 0.000000 0.000000
0.000000 0.000000 0.000000 0.000000 0.000000
0.000000 0.000000 0.000000 0.000000 0.000000
0.000000 0.000000 0.000000 0.000000 0.000000
0.000000 0.000000 0.000000 0.000000 0.000000
0.000000 0.000000 0.000000 0.000000 0.000000
0.003796 0.003322 0.000192 0.000000 0.000000
0.013902 0.016862 0.000000 0.000000 0.000000
0.025773 0.068013 0.000000 0.000000 0.003049
0.027970 0.101542 0.000000 0.000000 0.043459
0.027993 0.105835 0.000000 0.000000 0.081320
0.016966 0.093384 0.000000 0.017827 0.103106
0.022998 0.069631 0.000000 0.061618 0.119590
0.033961 0.039398 0.024138 0.089721 0.117228
0.035869 0.000000 0.052671 0.098282 0.109496
0.034704 0.000000 0.070476 0.093408 0.078373
0.033111 0.000000 0.088831 0.100657 0.026004
0.053535 0.000000 0.100545 0.066073 0.000000
0.053367 0.000000 0.095129 0.044503 0.000000
0.022101 0.000000 0.070423 0.035949 0.000000
0.014866 0.000000 0.033337 0.010436 0.000000
0.004087 0.000000 0.004782 0.000000 0.000000
0.000000 0.000004 0.000014 0.000249 0.000000
0.000000 0.000000 0.000000 0.000000 0.000000
0.000000 0.000000 0.000000 0.000000 0.000000
0.000000 0.000000 0.000000 0.000000 0.000000
0.000000 0.000000 0.000000 0.000000 0.000000
0.000000 0.000000 0.000000 0.000000 0.000000
0.000000 0.000000 0.000000 0.000000 0.000000
0.000000 0.000000 0.000000 0.000000 0.000000
0.000000 0.000000 0.000000 0.000000 0.000000
0.000000 0.000000 0.000000 0.000000 0.000000
0.000000 0.000000 0.000000 0.000000 0.000000
0.000000 0.000000 0.000000 0.000000 0.000000
0.000000 0.000000 0.000000 0.000000 0.000000
0.001564 0.003037 0.000111 0.000000 0.000000
0.011436 0.019465 0.000000 0.000000 0.000000
0.018912 0.046663 0.000000 0.000000 0.011600
0.013364 0.069063 0.000000 0.000000 0.034969
0.020127 0.065885 0.000000 0.000000 0.050381
0.036728 0.037902 0.000000 0.000000 0.057809
0.059516 0.000000 0.010918 0.000000 0.059614
0.065103 0.000000 0.057794 0.009426 0.036125
0.053708 0.000000 0.095385 0.021116 0.009638
0.049949 0.000000 0.110472 0.020180 0.000000
0.036866 0.000000 0.103854 0.017758 0.000000
0.029557 0.000000 0.069950 0.004952 0.000000
0.006752 0.000000 0.033644 0.000000 0.000000
0.007388 0.000000 0.008651 0.000000 0.000000
0.001445 0.000000 0.001576 0.000000 0.000000
0.000000 0.000000 0.000000 0.000000 0.000000
0.000000 0.000000 0.000000 0.000000 0.000000
0.000000 0.000000 0.000000 0.000000 0.000000
0.000000 0.000000 0.000000 0.000000 0.000000
0.000000 0.000000 0.000000 0.000000 0.000000
0.000000 0.000000 0.000000 0.000000 0.000000
0.000000 0.000000 0.000000 0.000000 0.000000
0.000000 0.000000 0.000000 0.000000 0.000000
0.000000 0.000000 0.000000 0.000000 0.000000
0.000000 0.000000 0.000000 0.000000 0.000000
0.000000 0.000000 0.000000 0.000000 0.000000
0.000000 0.000000 0.000000 0.000000 0.000000
0.000000 0.000000 0.000000 0.000000 0.000000
0.000000 0.000000 0.000000 0.000000 0.000000
0.000388 0.000000 0.000000 0.000000 0.000177
0.006541 0.000000 0.000000 0.000000 0.002985
0.006706 0.000000 0.000000 0.000000 0.002927
0.008652 0.000000 0.000000 0.000000 0.002249
0.014152 0.000000 0.000300 0.000000 0.001909
0.013555 0.000000 0.003395 0.000000 0.000889
0.009206 0.000000 0.009620 0.000000 0.000000
0.021245 0.000000 0.019140 0.000000 0.000000
0.014446 0.000000 0.017741 0.000000 0.000000
0.008864 0.000000 0.022948 0.000000 0.000000
0.008383 0.000000 0.012321 0.000000 0.000000
0.007487 0.000000 0.008164 0.000000 0.000000
0.001478 0.000000 0.001611 0.000000 0.000000
0.000000 0.000000 0.000000 0.000000 0.000000
0.000000 0.000000 0.000000 0.000000 0.000000
0.000000 0.000000 0.000000 0.000000 0.000000
0.000000 0.000000 0.000000 0.000000 0.000000
0.000000 0.000000 0.000000 0.000000 0.000000
0.000000 0.000000 0.000000 0.000000 0.000000
0.000000 0.000000 0.000000 0.000000 0.000000
0.000000 0.000000 0.000000 0.000000 0.000000
0.000000 0.000000 0.000000 0.000000 0.000000
0.000000 0.000000 0.000000 0.000000 0.000000
0.000000 0.000000 0.000000 0.000000 0.000000
0.000000 0.000000 0.000000 0.000000 0.000000
0.000000 0.000000 0.000000 0.000000 0.000000
0.000000 0.000000 0.000000 0.000000 0.000000
0.000000 0.000000 0.000000 0.000000 0.000000
0.000000 0.000000 0.000000 0.000000 0.000000
0.000000 0.000000 0.000000 0.000000 0.000000
0.000000 0.000000 0.000000 0.000000 0.000000
0.000000 0.000000 0.000000 0.000000 0.000000
0.000000 0.000000 0.000000 0.000000 0.000000
0.000000 0.000000 0.000000 0.000000 0.000000
0.000000 0.000000 0.000000 0.000000 0.000000
0.000000 0.000000 0.000000 0.000000 0.000000
0.000000 0.000000 0.000000 0.000000 0.000000
0.000000 0.000000 0.000000 0.000000 0.000000
0.000000 0.000000 0.000000 0.000000 0.000000
0.000000 0.000000 0.000000 0.000000 0.000000
0.000000 0.000000 0.000000 0.000000 0.000000
0.000000 0.000000 0.000000 0.000000 0.000000
0.000000 0.000000 0.000000 0.000000 0.000000
0.000000 0.000000 0.000000 0.000000 0.000000
0.000000 0.000000 0.000000 0.000000 0.000000
0.000000 0.000000 0.000000 0.000000 0.000000
0.000000 0.000000 0.000000 0.000000 0.000000
0.000000 0.000000 0.000000 0.000000 0.000000
0.000000 0.000000 0.000000 0.000000 0.000000
0.000000 0.000000 0.000000 0.000000 0.000000
0.000000 0.000000 0.000000 0.000000 0.000000
0.000000 0.000000 0.000000 0.000000 0.000000
0.000000 0.000000 0.000000 0.000000 0.000000
0.000000 0.000000 0.000000 0.000000 0.000000
0.000000 0.000000 0.000000 0.000000 0.000000
0.000000 0.000000 0.000000 0.000000 0.000000
0.000000 0.000000 0.000000 0.000000 0.000000
0.000000 0.000000 0.000000 0.000000 0.000000
0.000000 0.000000 0.000000 0.000000 0.000000
0.000000 0.000000 0.000000 0.000000 0.000000
0.000000 0.000000 0.000000 0.000000 0.000000
0.000000 0.000000 0.000000 0.000000 0.000000
0.000000 0.000000 0.000000 0.000000 0.000000
0.000000 0.000000 0.000000 0.000000 0.000000
0.000000 0.000000 0.000000 0.000000 0.000000
0.000000 0.000000 0.000000 0.000000 0.000000
0.000000 0.000000 0.000000 0.000000 0.000000
0.000000 0.000000 0.000000 0.000000 0.000000
0.000000 0.000000 0.000000 0.000000 0.000000
0.000000 0.000000 0.000000 0.000000 0.000000
0.000000 0.000000 0.000000 0.000000 0.000000
0.000000 0.000000 0.000000 0.000000 0.000000
0.000000 0.000000 0.000000 0.000000 0.000000
0.000000 0.000000 0.000000 0.000000 0.000000
0.000000 0.000000 0.000000 0.000000 0.000000
0.000000 0.000000 0.000000 0.000000 0.000000
0.000000 0.000000 0.000000 0.000000 0.000000
