0.000000 0.000000 0.000000 0.000000 0.000000
0.000000 0.000000 0.000000 0.000000 0.000000
0.000000 0.000000 0.000000 0.000000 0.000000
0.000000 0.000000 0.000000 0.000000 0.000000
0.000000 0.000000 0.000000 0.000000 0.000000
0.000000 0.000000 0.000000 0.000000 0.000000
0.000000 0.000000 0.000000 0.000000 0.000000
0.000000 0.000000 0.000000 0.000000 0.000000
0.000000 0.000000 0.000000 0.000000 0.000000
0.000000 0.000000 0.000000 0.000000 0.000000
0.000000 0.000000 0.000000 0.000000 0.000000
0.000000 0.000000 0.000000 0.000000 0.000000
0.000000 0.000000 0.000000 0.000000 0.000000
0.000000 0.000000 0.000000 0.000000 0.000000
0.000000 0.000000 0.000000 0.000000 0.000000
0.000000 0.000000 0.000000 0.000000 0.000000
0.000000 0.000000 0.000000 0.000000 0.000000
0.000000 0.000000 0.000000 0.000000 0.000000
0.000000 0.000000 0.000000 0.000000 0.000000
0.000000 0.000000 0.000000 0.000000 0.000000
0.000000 0.000000 0.000000 0.000000 0.000000
0.000000 0.000000 0.000000 0.000000 0.000000
0.000000 0.000000 0.000000 0.000000 0.000000
0.000000 0.000000 0.000000 0.000000 0.000000
0.000000 0.000000 0.000000 0.000000 0.000000
0.000000 0.000000 0.000000 0.000000 0.000000
0.000000 0.000000 0.000000 0.000000 0.000000
0.000000 0.000000 0.000000 0.000000 0.000000
0.000000 0.000000 0.000000 0.000000 0.000000
0.000000 0.000000 0.000000 0.000000 0.000000
0.000000 0.000000 0.000000 0.000000 0.000000
0.000000 0.000000 0.000000 0.000000 0.000000
0.000000 0.000000 0.000000 0.000000 0.000000
0.000000 0.000000 0.000000 0.000000 0.000000
0.000000 0.000000 0.000000 0.000000 0.000000
0.000000 0.000000 0.000000 0.000000 0.000000
0.000000 0.000000 0.000000 0.000000 0.000000
0.000000 0.000000 0.000000 0.000000 0.000000
0.000000 0.000000 0.000000 0.000000 0.000000
0.000000 0.000000 0.000000 0.000000 0.000000
0.000000 0.000000 0.000000 0.000000 0.000000
0.000000 0.000000 0.000000 0.000000 0.000000
0.000000 0.000000 0.000000 0.000000 0.000000
0.000000 0.000000 0.000000 0.000000 0.000000
0.000000 0.000000 0.000000 0.000000 0.000000
0.000000 0.000000 0.000000 0.000000 0.000000
0.000000 0.000000 0.000000 0.000000 0.000000
0.000000 0.000000 0.000000 0.000000 0.000000
0.000000 0.000000 0.000000 0.000000 0.000000
0.000000 0.000000 0.000000 0.000000 0.000000
0.000000 0.000000 0.000000 0.000000 0.000000
0.000000 0.000000 0.000000 0.000000 0.000000
0.000000 0.000000 0.000000 0.000000 0.000000
0.000000 0.000000 0.000000 0.000000 0.000000
0.000000 0.000000 0.000000 0.000000 0.000000
0.000000 0.000000 0.000000 0.000000 0.000000
0.000000 0.000000 0.000000 0.000000 0.000000
0.000000 0.000000 0.000000 0.000000 0.000000
0.000000 0.000000 0.000000 0.000000 0.000000
0.000000 0.000000 0.000000 0.000000 0.000000
0.000000 0.000000 0.000000 0.000000 0.000000
0.000000 0.000000 0.000000 0.000000 0.000000
0.000000 0.000000 0.000000 0.000000 0.000000
0.000000 0.000000 0.000000 0.000000 0.000000
0.000000 0.000000 0.000000 0.000000 0.000000
0.000000 0.000000 0.000000 0.000000 0.000000
0.000000 0.000000 0.000000 0.000000 0.000000
0.000000 0.000000 0.000000 0.000000 0.000000
0.000000 0.000000 0.000000 0.000000 0.000000
0.000000 0.000000 0.000000 0.000000 0.000000
0.000000 0.000000 0.000000 0.000000 0.000000
0.000000 0.000000 0.000000 0.000000 0.000000
0.000000 0.000000 0.000000 0.000000 0.000000
0.000000 0.000000 0.000000 0.000000 0.000000
0.000000 0.000000 0.000000 0.000000 0.000000
0.000000 0.000000 0.000000 0.000000 0.000000
0.000000 0.000000 0.000000 0.000000 0.000000
0.000000 0.000000 0.000000 0.000000 0.000000
0.000000 0.000000 0.000000 0.000000 0.000000
0.000000 0.000000 0.000000 0.000000 0.000000
0.000000 0.000000 0.000000 0.000000 0.000000
0.000000 0.000000 0.000000 0.000000 0.000000
0.000000 0.000000 0.000000 0.000000 0.000000
0.000000 0.000000 0.000000 0.000000 0.000000
0.000000 0.000000 0.000000 0.000000 0.000000
0.000000 0.000000 0.000000 0.000000 0.000000
0.000000 0.000000 0.000000 0.000000 0.000000
0.000000 0.000000 0.000000 0.000000 0.000000
0.000000 0.000000 0.000000 0.000000 0.000000
0.000000 0.000000 0.000000 0.000000 0.000000
0.000000 0.000000 0.000000 0.000000 0.000000
0.000000 0.000000 0.000000 0.000000 0.000000
0.000000 0.000000 0.000000 0.000000 0.000000
0.000000 0.000000 0.000000 0.000000 0.000000
0.000000 0.000000 0.000000 0.000000 0.000000
0.000397 0.000000 0.000000 0.001198 0.000564
0.001751 0.000000 0.000000 0.005284 0.002486
0.000858 0.000000 0.000000 0.002589 0.001218
0.000666 0.000000 0.000000 0.003749 0.000000
0.002477 0.000000 0.000000 0.015702 0.000000
0.001821 0.000000 0.000000 0.015175 0.000000
0.001056 0.000000 0.000000 0.010412 0.000059
0.000000 0.009210 0.000000 0.000000 0.000951
0.000000 0.011790 0.000000 0.000000 0.000578
0.000680 0.006143 0.000000 0.000000 0.000000
0.000185 0.001502 0.000000 0.000000 0.000000
0.000000 0.000000 0.000000 0.000000 0.000000
0.000000 0.000000 0.000000 0.000000 0.000000
0.000000 0.000000 0.000000 0.000000 0.000000
0.000000 0.000000 0.000000 0.000000 0.000000
0.000000 0.000000 0.000000 0.000000 0.000000
0.000000 0.000000 0.000000 0.000000 0.000000
0.000000 0.000000 0.000000 0.000000 0.000000
0.000000 0.000000 0.000000 0.000000 0.000000
0.000000 0.000000 0.000000 0.000000 0.000000
0.000000 0.000000 0.000000 0.000000 0.000000
0.000000 0.000000 0.000000 0.000000 0.000000
0.000000 0.000000 0.000000 0.000000 0.000000
0.000000 0.000000 0.000000 0.000000 0.000000
0.000000 0.000000 0.000000 0.000000 0.000000
0.000000 0.000070 0.000000 0.000153 0.001002
0.000000 0.000363 0.000000 0.001032 0.008624
0.000000 0.001359 0.000000 0.000663 0.018648
0.000000 0.000607 0.000000 0.001988 0.039610
0.003170 0.000000 0.000000 0.013408 0.058859
0.004165 0.000000 0.002463 0.025538 0.063979
0.012008 0.000000 0.000000 0.063348 0.062209
0.023790 0.000000 0.000000 0.078483 0.036249
0.037667 0.000000 0.000000 0.078678 0.014889
0.049708 0.000000 0.000000 0.071555 0.006713
0.043515 0.022470 0.000000 0.029031 0.004940
0.027922 0.070944 0.000000 0.000000 0.000000
0.016393 0.086364 0.000533 0.000000 0.000000
0.012400 0.055660 0.000000 0.000000 0.000000
0.010034 0.027230 0.000000 0.000000 0.000000
0.005252 0.010917 0.000000 0.000000 0.000000
0.000429 0.000576 0.000000 0.000000 0.000000
0.000000 0.000000 0.000000 0.000000 0.000000
0.000000 0.000000 0.000000 0.000000 0.000000
0.000000 0.000000 0.000000 0.000000 0.000000
0.000000 0.000000 0.000000 0.000000 0.000000
0.000000 0.000000 0.000000 0.000000 0.000000
0.000000 0.000000 0.000000 0.000000 0.000000
0.000000 0.000000 0.000000 0.000000 0.000000
0.000000 0.000000 0.000000 0.000000 0.000000
0.000000 0.000000 0.000000 0.000000 0.000000
0.000000 0.000000 0.000000 0.000000 0.000000
0.000000 0.000329 0.000000 0.000722 0.004741
0.000000 0.001071 0.000000 0.001024 0.014380
0.000000 0.000660 0.000000 0.004459 0.032035
0.000000 0.000380 0.003865 0.003075 0.061183
0.000000 0.000000 0.016737 0.004164 0.091106
0.000000 0.000000 0.034897 0.028451 0.094903
0.000000 0.000000 0.044820 0.066243 0.089730
0.013437 0.000000 0.050506 0.102295 0.073717
0.039557 0.000000 0.056530 0.110201 0.053057
0.073463 0.000000 0.047440 0.098996 0.024542
0.081627 0.028230 0.015910 0.089084 0.011649
0.074774 0.067349 0.000000 0.064686 0.005897
0.067177 0.090089 0.000000 0.018813 0.005368
0.052772 0.097397 0.000000 0.000000 0.000000
0.029560 0.088097 0.000000 0.000000 0.000000
0.013672 0.046028 0.000000 0.000000 0.000000
0.011241 0.027778 0.000000 0.000000 0.000000
0.002013 0.002500 0.000000 0.000000 0.000000
0.000000 0.000000 0.000000 0.000000 0.000000
0.000000 0.000000 0.000000 0.000000 0.000000
0.000000 0.000000 0.000000 0.000000 0.000000
0.000000 0.000000 0.000000 0.000000 0.000000
0.000000 0.000000 0.000000 0.000000 0.000000
0.000000 0.000000 0.000000 0.000000 0.000000
0.000000 0.000000 0.000000 0.000000 0.000000
0.000000 0.000000 0.000000 0.000000 0.000000
0.000000 0.000000 0.000000 0.000000 0.000000
0.000000 0.000220 0.000000 0.000482 0.003161
0.000000 0.000843 0.000000 0.002172 0.014926
0.000000 0.002082 0.000000 0.000069 0.031958
0.000000 0.000746 0.004277 0.003791 0.069132
0.000000 0.000000 0.016015 0.003024 0.106823
0.000000 0.000000 0.032588 0.021523 0.109297
0.000000 0.000000 0.061712 0.052395 0.100960
0.010844 0.000000 0.082296 0.078170 0.081182
0.047837 0.000000 0.095865 0.079582 0.054607
0.077318 0.008020 0.084141 0.085094 0.050527
0.082029 0.045960 0.060395 0.088692 0.050574
0.080580 0.073386 0.028723 0.080104 0.049202
0.086507 0.072239 0.006417 0.084448 0.033201
0.084862 0.087563 0.000000 0.052396 0.018770
0.076843 0.086822 0.000000 0.012196 0.007893
0.058792 0.076985 0.000000 0.000000 0.000000
0.035615 0.038784 0.000000 0.000000 0.000000
0.015110 0.023497 0.000000 0.000000 0.003734
0.002901 0.001768 0.000000 0.000000 0.003662
0.000000 0.000000 0.000000 0.000000 0.000000
0.000000 0.000000 0.000000 0.000000 0.000000
0.000000 0.000000 0.000000 0.000000 0.000000
0.000000 0.000000 0.000000 0.000000 0.000000
0.000000 0.000000 0.000000 0.000000 0.000000
0.000000 0.000000 0.000000 0.000000 0.000000
0.000000 0.000000 0.000000 0.000000 0.000000
0.000000 0.000000 0.000000 0.000000 0.000000
0.000000 0.000000 0.000000 0.000000 0.000000
0.000000 0.000516 0.000000 0.001468 0.008789
0.000000 0.001634 0.000000 0.004540 0.031925
0.000000 0.001923 0.000000 0.003111 0.064728
0.000000 0.000000 0.000728 0.010079 0.105218
0.000000 0.000000 0.032966 0.008095 0.110734
0.000000 0.000000 0.073413 0.040859 0.085797
0.019376 0.000000 0.089820 0.066791 0.061039
0.063993 0.000000 0.092684 0.076730 0.042138
0.082417 0.020176 0.087679 0.070299 0.034927
0.072298 0.073640 0.085338 0.058310 0.045099
0.072197 0.090295 0.075199 0.053692 0.053829
0.070370 0.082776 0.068897 0.060866 0.059508
0.072304 0.065395 0.027197 0.081576 0.061694
0.082399 0.058864 0.005220 0.079959 0.049237
0.091331 0.061571 0.000000 0.036977 0.031613
0.083108 0.070783 0.000000 0.000000 0.005433
0.056607 0.034491 0.000000 0.000000 0.000000
0.028035 0.014269 0.000000 0.000000 0.002079
0.005096 0.000382 0.000000 0.000018 0.006489
0.000000 0.000000 0.000000 0.000000 0.000000
0.000000 0.000000 0.000000 0.000000 0.000000
0.000000 0.000000 0.000000 0.000000 0.000000
0.000000 0.000000 0.000000 0.000000 0.000000
0.000000 0.000000 0.000000 0.000000 0.000000
0.000000 0.000000 0.000000 0.000000 0.000000
0.000000 0.000000 0.000000 0.000000 0.000000
0.000000 0.000000 0.000000 0.000000 0.000000
0.000000 0.000231 0.000000 0.000679 0.003829
0.000000 0.001138 0.000000 0.004702 0.026330
0.000000 0.001845 0.000000 0.007261 0.052015
0.000000 0.000000 0.000000 0.001567 0.101744
0.001273 0.000000 0.023608 0.006616 0.109153
0.007301 0.000000 0.066523 0.029530 0.091019
0.026375 0.000000 0.093448 0.069530 0.046040
0.073495 0.000000 0.087101 0.064413 0.018542
0.091612 0.020446 0.074623 0.065996 0.007501
0.076237 0.081907 0.083798 0.038132 0.000000
0.060954 0.110995 0.081355 0.021841 0.003888
0.034461 0.121356 0.092881 0.012420 0.020940
0.033253 0.078034 0.102373 0.020671 0.048001
0.035199 0.036900 0.079308 0.062550 0.059419
0.049779 0.047039 0.039055 0.080531 0.076073
0.074898 0.059249 0.007606 0.055619 0.053972
0.094771 0.071147 0.000000 0.003099 0.034419
0.072691 0.043114 0.000000 0.000000 0.016008
0.040177 0.015771 0.000000 0.000000 0.004402
0.011004 0.000000 0.000000 0.000950 0.007129
0.000000 0.000000 0.000000 0.000000 0.000000
0.000000 0.000000 0.000000 0.000000 0.000000
0.000000 0.000000 0.000000 0.000000 0.000000
0.000000 0.000000 0.000000 0.000000 0.000000
0.000000 0.000000 0.000000 0.000000 0.000000
0.000000 0.000000 0.000000 0.000000 0.000000
0.000000 0.000000 0.000000 0.000000 0.000000
0.000000 0.000000 0.000000 0.000000 0.000000
0.000000 0.000244 0.000000 0.002664 0.010858
0.000000 0.000797 0.000000 0.007489 0.042563
0.000000 0.000029 0.000000 0.003957 0.075355
0.000691 0.000000 0.017339 0.000000 0.110081
0.012999 0.000000 0.042695 0.006224 0.102056
0.037250 0.000000 0.076010 0.039187 0.060912
0.082377 0.000000 0.082739 0.073821 0.012886
0.089285 0.021174 0.071551 0.068176 0.000000
0.073762 0.094695 0.074207 0.034519 0.000000
0.053470 0.120287 0.059179 0.020119 0.000000
0.023653 0.127437 0.060911 0.001310 0.000000
0.011170 0.080956 0.086370 0.000000 0.000000
0.004664 0.043697 0.105978 0.010723 0.018476
0.000000 0.037715 0.104911 0.055269 0.030470
0.022190 0.049506 0.088652 0.076920 0.050715
0.054871 0.075921 0.046646 0.050151 0.065611
0.087914 0.075137 0.000000 0.006351 0.054962
0.081712 0.042140 0.000000 0.000000 0.044475
0.051690 0.011175 0.000000 0.000000 0.010523
0.015036 0.000000 0.000000 0.001989 0.008431
0.000000 0.000000 0.000000 0.000000 0.000000
0.000000 0.000000 0.000000 0.000000 0.000000
0.000000 0.000000 0.000000 0.000000 0.000000
0.000000 0.000000 0.000000 0.000000 0.000000
0.000000 0.000000 0.000000 0.000000 0.000000
0.000000 0.000000 0.000000 0.000000 0.000000
0.000000 0.000000 0.000000 0.000000 0.000000
0.000000 0.000000 0.000000 0.000000 0.000000
0.000000 0.000639 0.000000 0.003173 0.016380
0.000511 0.000000 0.000000 0.005953 0.054290
0.003959 0.000000 0.000000 0.000000 0.098640
0.011892 0.000000 0.025575 0.000000 0.113721
0.035208 0.000000 0.058420 0.022957 0.082342
0.083111 0.000000 0.079503 0.060373 0.010427
0.096116 0.011928 0.062388 0.082195 0.000000
0.076379 0.087316 0.060729 0.053938 0.000000
0.052498 0.121487 0.048355 0.035660 0.000000
0.025016 0.123062 0.026897 0.018232 0.000000
0.007807 0.066828 0.036635 0.000630 0.000000
0.005804 0.022991 0.047685 0.003208 0.000000
0.000000 0.020337 0.074840 0.014861 0.000000
0.000000 0.043285 0.096749 0.053749 0.009427
0.000000 0.057542 0.106619 0.082396 0.029151
0.033718 0.088448 0.089099 0.045590 0.057327
0.077845 0.077261 0.023763 0.009807 0.067389
0.090747 0.030764 0.000000 0.001405 0.060822
0.055996 0.000000 0.000000 0.002654 0.032855
0.021993 0.000000 0.000000 0.002226 0.008865
0.000000 0.000000 0.000000 0.000000 0.000000
0.000000 0.000000 0.000000 0.000000 0.000000
0.000000 0.000000 0.000000 0.000000 0.000000
0.000000 0.000000 0.000000 0.000000 0.000000
0.000000 0.000000 0.000000 0.000000 0.000000
0.000000 0.000000 0.000000 0.000000 0.000000
0.000000 0.000000 0.000000 0.000000 0.000000
0.000000 0.000000 0.000000 0.000000 0.000000
0.000737 0.000000 0.000000 0.004155 0.031680
0.003202 0.000000 0.000000 0.004697 0.084595
0.009935 0.000000 0.014330 0.000000 0.111583
0.028048 0.000000 0.030043 0.004136 0.108269
0.079648 0.000000 0.066056 0.034086 0.040191
0.098555 0.003313 0.078889 0.066296 0.000000
0.077076 0.076389 0.055642 0.077241 0.000000
0.052999 0.115287 0.050216 0.045692 0.000000
0.016104 0.121862 0.026671 0.038500 0.000000
0.000000 0.069508 0.019535 0.019379 0.000000
0.000000 0.022747 0.022178 0.000000 0.000000
0.005734 0.004671 0.020998 0.000686 0.000000
0.000000 0.005489 0.037824 0.020608 0.000000
0.000000 0.032496 0.055489 0.063708 0.000000
0.000000 0.069655 0.089474 0.089183 0.008651
0.022716 0.096857 0.093147 0.040660 0.043634
0.075081 0.075790 0.053101 0.000000 0.064591
0.090577 0.021843 0.000000 0.000000 0.084455
0.065357 0.000000 0.000000 0.005401 0.059039
0.025334 0.000000 0.000000 0.002721 0.016729
0.000011 0.000000 0.000241 0.002447 0.000000
0.000026 0.000000 0.000555 0.005649 0.000000
0.000000 0.000000 0.000000 0.000000 0.000000
0.000000 0.000000 0.000000 0.000000 0.000000
0.000000 0.000000 0.000000 0.000000 0.000000
0.000000 0.000000 0.000000 0.000000 0.000000
0.000000 0.000000 0.000000 0.000000 0.000000
0.000207 0.000000 0.000000 0.000000 0.000352
0.004141 0.000000 0.000000 0.005008 0.048281
0.009627 0.000000 0.000000 0.001233 0.106681
0.024575 0.000000 0.018625 0.000000 0.113753
0.073728 0.000000 0.034894 0.017488 0.075472
0.093449 0.004567 0.097050 0.046947 0.002064
0.083748 0.051565 0.073888 0.080903 0.000000
0.056689 0.104405 0.038404 0.070217 0.000000
0.011797 0.115796 0.021844 0.053492 0.000000
0.000000 0.076362 0.012697 0.036666 0.000000
0.000000 0.025067 0.013660 0.008663 0.000000
0.002591 0.005659 0.012651 0.000000 0.000000
0.003136 0.000000 0.012727 0.000000 0.000000
0.000000 0.003152 0.021521 0.028283 0.000000
0.000000 0.035160 0.031677 0.078676 0.000000
0.000000 0.075924 0.058656 0.100680 0.000000
0.021101 0.100064 0.088367 0.054951 0.026144
0.074913 0.062893 0.057873 0.004002 0.064207
0.090424 0.009101 0.007455 0.000000 0.088821
0.060447 0.000000 0.000000 0.001903 0.079559
0.020981 0.000000 0.000000 0.003782 0.028219
0.000013 0.000000 0.000279 0.002838 0.000000
0.000021 0.000000 0.000443 0.004504 0.000000
0.000000 0.000000 0.000000 0.000000 0.000000
0.000000 0.000000 0.000000 0.000000 0.000000
0.000000 0.000000 0.000000 0.000000 0.000000
0.000000 0.001633 0.000037 0.000000 0.000241
0.000000 0.000000 0.000000 0.000000 0.000000
0.003321 0.000302 0.000000 0.000000 0.002855
0.005045 0.000000 0.000000 0.006669 0.061980
0.020201 0.000000 0.000000 0.000000 0.114340
0.058145 0.000000 0.015241 0.000000 0.105871
0.097239 0.000095 0.057095 0.024115 0.042068
0.085037 0.050599 0.095587 0.056690 0.000000
0.057830 0.090832 0.055640 0.087014 0.000000
0.022278 0.111348 0.028526 0.062888 0.000000
0.000000 0.081279 0.000000 0.057207 0.000000
0.000000 0.024242 0.000000 0.026084 0.004135
0.000311 0.003796 0.009159 0.000000 0.000000
0.001170 0.002011 0.010647 0.000000 0.000000
0.000440 0.000763 0.005833 0.000000 0.000000
0.000000 0.010794 0.001670 0.030342 0.000000
0.000000 0.063371 0.025407 0.081760 0.000000
0.000000 0.101449 0.045246 0.099163 0.000000
0.033128 0.089414 0.083077 0.070909 0.000000
0.082024 0.040203 0.071934 0.009873 0.055026
0.091943 0.000000 0.013631 0.000000 0.092236
0.046238 0.000000 0.000000 0.000000 0.094930
0.011682 0.000000 0.000000 0.003036 0.038286
0.000004 0.000000 0.000079 0.000807 0.000000
0.000002 0.000000 0.000051 0.000521 0.000000
0.000000 0.000000 0.000000 0.000000 0.000000
0.000000 0.000000 0.000000 0.000000 0.000000
0.000000 0.000000 0.000000 0.000000 0.000000
0.000000 0.000000 0.000000 0.000000 0.000000
0.000000 0.000000 0.000000 0.000000 0.000000
0.003666 0.000000 0.000000 0.000000 0.005177
0.015175 0.000000 0.000000 0.007132 0.072395
0.045495 0.000000 0.000000 0.000000 0.115148
0.091177 0.001296 0.026167 0.000000 0.082392
0.092084 0.035238 0.083329 0.027898 0.027814
0.063487 0.075892 0.087495 0.078760 0.000000
0.028105 0.098143 0.036507 0.094120 0.000000
0.000000 0.082140 0.012944 0.070457 0.000000
0.000000 0.027735 0.000000 0.043472 0.003548
0.000000 0.009374 0.000000 0.012150 0.004654
0.000123 0.000728 0.002801 0.000000 0.000000
0.000225 0.000588 0.002955 0.000000 0.000000
0.000000 0.007858 0.000477 0.000000 0.000566
0.000000 0.041017 0.000000 0.027442 0.000000
0.000000 0.092385 0.009795 0.073130 0.000000
0.001675 0.103557 0.032637 0.102971 0.000000
0.062620 0.064231 0.067080 0.076482 0.000000
0.099982 0.006095 0.066087 0.012212 0.039582
0.085700 0.000000 0.014227 0.000000 0.090655
0.031324 0.000000 0.000000 0.000000 0.108578
0.004119 0.000000 0.000000 0.002830 0.053421
0.000000 0.000000 0.000000 0.000000 0.000000
0.000000 0.000000 0.000000 0.000000 0.000000
0.000000 0.000000 0.000000 0.000000 0.000000
0.000000 0.000000 0.000000 0.000000 0.000000
0.000000 0.000000 0.000000 0.000000 0.000000
0.000000 0.000000 0.000000 0.000000 0.000000
0.000000 0.000000 0.000000 0.000000 0.000000
0.003850 0.000000 0.000000 0.000000 0.005575
0.040458 0.000000 0.000000 0.002132 0.073305
0.078671 0.002579 0.000000 0.000000 0.102126
0.098016 0.028160 0.032883 0.004260 0.072444
0.076168 0.071150 0.096847 0.041594 0.019408
0.033557 0.090127 0.082939 0.093606 0.000000
0.000750 0.084657 0.034538 0.093664 0.000000
0.000000 0.037438 0.000000 0.058895 0.000000
0.000000 0.009836 0.000000 0.024156 0.000692
0.000000 0.006568 0.000000 0.002581 0.000406
0.000000 0.000000 0.000000 0.000000 0.000000
0.000000 0.000875 0.000079 0.000000 0.000062
0.000000 0.028241 0.000501 0.000000 0.002258
0.000000 0.075582 0.000000 0.025919 0.001910
0.000000 0.102706 0.000000 0.084999 0.000000
0.034395 0.082080 0.014050 0.114094 0.000000
0.090956 0.029240 0.065988 0.075153 0.000000
0.107092 0.000000 0.055666 0.003363 0.040330
0.063890 0.000000 0.020017 0.000000 0.086967
0.013773 0.000000 0.000000 0.000000 0.111113
0.000000 0.003269 0.000000 0.000346 0.062726
0.000000 0.000000 0.000000 0.000000 0.000000
0.000000 0.000000 0.000000 0.000000 0.000000
0.000000 0.000000 0.000000 0.000000 0.000000
0.000000 0.000000 0.000000 0.000000 0.000000
0.000000 0.000000 0.000000 0.000000 0.000000
0.000000 0.000000 0.000000 0.000000 0.000000
0.000000 0.000000 0.000000 0.000000 0.000000
0.010120 0.000000 0.000000 0.000113 0.004971
0.066402 0.000000 0.000000 0.000000 0.065704
0.091781 0.031093 0.000000 0.000000 0.092527
0.089981 0.066893 0.040775 0.011726 0.069101
0.050641 0.088992 0.091899 0.060122 0.024574
0.005212 0.082601 0.075021 0.105948 0.000000
0.000000 0.035184 0.028866 0.097997 0.000000
0.000000 0.008193 0.004386 0.046714 0.000000
0.000000 0.005465 0.000000 0.014002 0.000291
0.000000 0.000346 0.000000 0.000062 0.000042
0.000000 0.002017 0.000219 0.000000 0.000091
0.000000 0.022133 0.001079 0.000000 0.001581
0.000000 0.068323 0.000000 0.001911 0.005295
0.000000 0.102783 0.000000 0.045589 0.005419
0.022232 0.084339 0.000000 0.110687 0.000000
0.074477 0.044587 0.011385 0.116218 0.000000
0.107825 0.000000 0.072283 0.059230 0.000000
0.095702 0.000000 0.060261 0.000000 0.045095
0.036547 0.000000 0.029298 0.000000 0.086978
0.000000 0.002994 0.000000 0.000000 0.105966
0.000000 0.005419 0.000000 0.000000 0.063223
0.000000 0.000000 0.000000 0.000000 0.000000
0.000000 0.000000 0.000000 0.000000 0.000000
0.000000 0.000000 0.000000 0.000000 0.000000
0.000000 0.000000 0.000000 0.000000 0.000000
0.000000 0.000000 0.000000 0.000000 0.000000
0.000000 0.000000 0.000000 0.000000 0.000000
0.000000 0.000000 0.000000 0.000000 0.000000
0.027382 0.000346 0.000000 0.000000 0.000206
0.084143 0.008608 0.000000 0.000000 0.051172
0.097429 0.055855 0.000000 0.000000 0.083743
0.075417 0.087676 0.038221 0.015925 0.080656
0.028187 0.092143 0.088746 0.070777 0.038758
0.000000 0.045648 0.070223 0.113520 0.017697
0.000000 0.007022 0.032252 0.088931 0.000000
0.000000 0.008349 0.010446 0.035717 0.000000
0.000000 0.003897 0.002099 0.008471 0.000000
0.000000 0.005399 0.000673 0.000000 0.000231
0.000000 0.032517 0.001243 0.000000 0.002355
0.000000 0.068262 0.000000 0.000000 0.004364
0.000000 0.103350 0.000000 0.031521 0.005777
0.021129 0.093535 0.000000 0.075527 0.000000
0.077486 0.042743 0.000000 0.130480 0.000000
0.105615 0.003634 0.032929 0.101250 0.000000
0.103796 0.000000 0.084852 0.026095 0.000000
0.060129 0.000000 0.067062 0.000000 0.044781
0.010934 0.000000 0.026675 0.000000 0.090735
0.000000 0.003399 0.000000 0.000000 0.099008
0.000000 0.005768 0.000000 0.000000 0.057945
0.000000 0.000000 0.000000 0.000000 0.000000
0.000000 0.000000 0.000000 0.000000 0.000000
0.000000 0.000000 0.000000 0.000000 0.000000
0.000000 0.000000 0.000000 0.000000 0.000000
0.000000 0.000000 0.000000 0.000000 0.000000
0.000000 0.000000 0.000000 0.000000 0.000000
0.000000 0.000000 0.000000 0.000000 0.000000
0.037558 0.009580 0.000000 0.000000 0.000000
0.085615 0.034639 0.000000 0.000000 0.023766
0.095389 0.078949 0.002256 0.000000 0.068946
0.064684 0.097588 0.038088 0.022175 0.084326
0.016207 0.067031 0.073850 0.079988 0.063852
0.000000 0.000000 0.052353 0.118944 0.048701
0.000000 0.000000 0.021253 0.093357 0.024926
0.000000 0.006302 0.005140 0.039500 0.010275
0.000000 0.021857 0.002350 0.006486 0.000497
0.000000 0.047305 0.000435 0.000000 0.002496
0.000000 0.076017 0.000000 0.000000 0.005270
0.000761 0.100142 0.000000 0.028255 0.005590
0.031312 0.088104 0.000000 0.076274 0.002376
0.076396 0.048416 0.000000 0.121278 0.000000
0.108731 0.004611 0.000000 0.121449 0.000000
0.104694 0.000000 0.063521 0.070546 0.000000
0.068032 0.000000 0.089307 0.000000 0.020679
0.020209 0.000000 0.054871 0.000000 0.071089
0.000000 0.000588 0.009536 0.000000 0.098782
0.000000 0.007102 0.000000 0.000000 0.081469
0.000000 0.004345 0.000000 0.001592 0.041999
0.000000 0.000329 0.000433 0.000000 0.002100
0.000000 0.000000 0.000000 0.000000 0.000000
0.000000 0.000000 0.000000 0.000000 0.000000
0.000000 0.000000 0.000000 0.000000 0.000000
0.000000 0.000000 0.000000 0.000000 0.000000
0.000000 0.000000 0.000000 0.000000 0.000000
0.000000 0.000000 0.000000 0.000000 0.000000
0.039229 0.016128 0.000000 0.000000 0.000000
0.078608 0.056512 0.000000 0.000000 0.005430
0.090469 0.093443 0.006757 0.000000 0.053302
0.068624 0.087398 0.029005 0.017348 0.078395
0.030937 0.026282 0.057995 0.077725 0.083534
0.001972 0.000000 0.043585 0.119207 0.076399
0.000000 0.008456 0.009828 0.110585 0.065019
0.000000 0.037655 0.000000 0.064826 0.049540
0.000000 0.064190 0.000000 0.027075 0.032917
0.005685 0.085045 0.000000 0.016973 0.017758
0.019257 0.101707 0.000000 0.039612 0.009860
0.041350 0.074541 0.000000 0.090735 0.005294
0.090507 0.034669 0.000000 0.113877 0.000000
0.109707 0.000000 0.000000 0.123273 0.000000
0.102509 0.000000 0.040635 0.093021 0.000000
0.070511 0.000000 0.100828 0.019720 0.013926
0.023717 0.000000 0.086944 0.000000 0.053941
0.003831 0.000000 0.033966 0.000000 0.093688
0.000000 0.005008 0.001886 0.000000 0.089830
0.000000 0.008959 0.000839 0.000000 0.066944
0.000000 0.002766 0.000000 0.000000 0.020616
0.000000 0.000194 0.000255 0.000000 0.001237
0.000000 0.000000 0.000000 0.000000 0.000000
0.000000 0.000000 0.000000 0.000000 0.000000
0.000000 0.000000 0.000000 0.000000 0.000000
0.000000 0.000000 0.000000 0.000000 0.000000
0.000000 0.000000 0.000000 0.000000 0.000000
0.000000 0.000000 0.000000 0.000000 0.000000
0.035558 0.027540 0.000000 0.000000 0.000000
0.062154 0.069566 0.002992 0.000000 0.000000
0.085877 0.105363 0.007171 0.000000 0.019346
0.084253 0.070464 0.023149 0.005491 0.052339
0.058786 0.025907 0.046653 0.057851 0.078924
0.028061 0.019066 0.037599 0.102370 0.090990
0.023155 0.036208 0.004643 0.113571 0.087777
0.023631 0.058998 0.000000 0.107536 0.078082
0.039566 0.074102 0.000000 0.092447 0.073001
0.054697 0.076506 0.000000 0.098390 0.066211
0.074037 0.055791 0.000000 0.113953 0.049460
0.091955 0.028832 0.000000 0.125446 0.034836
0.106713 0.000000 0.000000 0.119257 0.012757
0.094942 0.000000 0.039103 0.101487 0.016925
0.059322 0.000000 0.083609 0.039114 0.038362
0.013205 0.000000 0.091275 0.000000 0.064359
0.000000 0.000000 0.060541 0.000000 0.094941
0.000000 0.004223 0.012159 0.000000 0.093342
0.000000 0.008080 0.000000 0.000000 0.078188
0.000000 0.004976 0.000961 0.000000 0.037539
0.000000 0.000826 0.001160 0.000000 0.004421
0.000008 0.000000 0.000161 0.001640 0.000000
0.000017 0.000000 0.000368 0.003749 0.000000
0.000000 0.000000 0.000000 0.000000 0.000000
0.000000 0.000000 0.000000 0.000000 0.000000
0.000000 0.000000 0.000000 0.000000 0.000000
0.000000 0.000000 0.000000 0.000000 0.000000
0.000000 0.000000 0.000000 0.000000 0.000000
0.025320 0.022678 0.000000 0.000000 0.000000
0.041152 0.086232 0.003564 0.000000 0.000000
0.067513 0.110900 0.006663 0.000000 0.000000
0.092862 0.093667 0.023211 0.000000 0.015184
0.094678 0.070475 0.050258 0.012509 0.040415
0.081583 0.069918 0.052463 0.064317 0.058547
0.070700 0.069074 0.029195 0.100668 0.081148
0.075079 0.065042 0.000000 0.117538 0.085848
0.081695 0.056563 0.000000 0.119509 0.079071
0.088751 0.035741 0.000000 0.128099 0.074431
0.097988 0.011939 0.000000 0.125025 0.061958
0.098456 0.000000 0.008316 0.120750 0.052728
0.072915 0.000000 0.049533 0.104434 0.055889
0.035646 0.000000 0.086955 0.058599 0.066702
0.002441 0.000000 0.097344 0.007049 0.080093
0.000000 0.003844 0.066682 0.000000 0.095720
0.000000 0.008519 0.030747 0.000000 0.094225
0.000000 0.009393 0.004282 0.000000 0.076553
0.000000 0.005531 0.002485 0.000000 0.043011
0.000000 0.001802 0.002455 0.000000 0.010437
0.000000 0.000501 0.000658 0.000000 0.003194
0.000013 0.000000 0.000279 0.002838 0.000000
0.000030 0.000000 0.000642 0.006535 0.000000
0.000000 0.000000 0.000000 0.000000 0.000000
0.000000 0.000000 0.000000 0.000000 0.000000
0.000000 0.000000 0.000000 0.000000 0.000000
0.000000 0.000000 0.000000 0.000000 0.000000
0.000000 0.000000 0.000000 0.000000 0.000000
0.012086 0.020089 0.000000 0.000000 0.000000
0.023336 0.071998 0.001954 0.000000 0.000000
0.039059 0.107989 0.004539 0.000000 0.000000
0.066422 0.099268 0.022975 0.000000 0.000000
0.087738 0.085344 0.048447 0.000000 0.000000
0.091889 0.079694 0.066847 0.012459 0.021313
0.089897 0.062641 0.075107 0.057623 0.038506
0.084963 0.045953 0.068254 0.087530 0.054035
0.084733 0.028298 0.044114 0.105961 0.065406
0.079393 0.003735 0.045683 0.105562 0.072080
0.061308 0.000000 0.067221 0.096196 0.073891
0.041107 0.000000 0.085087 0.081338 0.077295
0.008027 0.000000 0.104042 0.040974 0.083502
0.000000 0.000000 0.091057 0.005597 0.091110
0.000000 0.007752 0.061426 0.000000 0.090487
0.000000 0.010402 0.040573 0.000000 0.083866
0.000000 0.009381 0.014854 0.000000 0.062915
0.000000 0.004222 0.001827 0.000000 0.035538
0.000000 0.000954 0.000000 0.001296 0.011979
0.000000 0.000068 0.000089 0.000000 0.000432
0.000000 0.000050 0.000065 0.000000 0.000317
0.000008 0.000000 0.000159 0.001614 0.000000
0.000017 0.000000 0.000363 0.003697 0.000000
0.000000 0.000000 0.000000 0.000000 0.000000
0.000000 0.000000 0.000000 0.000000 0.000000
0.000000 0.000000 0.000000 0.000000 0.000000
0.000000 0.000000 0.000000 0.000000 0.000000
0.000000 0.000000 0.000000 0.000000 0.000000
0.000000 0.006416 0.000000 0.000000 0.000283
0.001109 0.035064 0.000143 0.000000 0.000000
0.007032 0.060278 0.008119 0.000000 0.000000
0.021308 0.079282 0.017255 0.000000 0.000000
0.046404 0.075395 0.036526 0.000000 0.000000
0.058124 0.066234 0.063240 0.000000 0.000000
0.061039 0.050294 0.083548 0.010225 0.000000
0.055325 0.029980 0.110186 0.032304 0.001373
0.039215 0.007211 0.127210 0.044390 0.014552
0.014470 0.000000 0.133869 0.040060 0.041041
0.000000 0.000000 0.134027 0.028357 0.052003
0.000000 0.001810 0.120955 0.003206 0.060240
0.000000 0.007835 0.092108 0.000000 0.053202
0.000000 0.010425 0.066920 0.000000 0.048347
0.000000 0.008931 0.045430 0.000000 0.040982
0.000000 0.006561 0.021056 0.000000 0.030481
0.000000 0.002635 0.002195 0.000000 0.018833
0.000000 0.000304 0.000000 0.000725 0.005455
0.000000 0.000290 0.000263 0.000070 0.002317
0.000000 0.000000 0.000000 0.000000 0.000000
0.000000 0.000000 0.000000 0.000000 0.000000
0.000000 0.000000 0.000000 0.000000 0.000000
0.000000 0.000000 0.000000 0.000000 0.000000
0.000000 0.000000 0.000000 0.000000 0.000000
0.000000 0.000000 0.000000 0.000000 0.000000
0.000000 0.000000 0.000000 0.000000 0.000000
0.000000 0.000000 0.000000 0.000000 0.000000
0.000000 0.000000 0.000000 0.000000 0.000000
0.000000 0.000000 0.000000 0.000000 0.000000
0.000000 0.000000 0.000000 0.000000 0.000000
0.000386 0.000452 0.003194 0.000000 0.000000
0.002382 0.002951 0.020333 0.000000 0.000000
0.002394 0.003099 0.021220 0.000000 0.000000
0.002267 0.004513 0.030077 0.000000 0.000000
0.000727 0.006948 0.043468 0.000000 0.000000
0.000000 0.008921 0.065221 0.000000 0.000000
0.000000 0.006814 0.078826 0.000000 0.000000
0.000000 0.005423 0.082210 0.000000 0.000000
0.000000 0.005301 0.082067 0.000000 0.000000
0.000000 0.004214 0.058329 0.000000 0.000000
0.000000 0.003917 0.036638 0.000000 0.003545
0.000000 0.003403 0.022378 0.000000 0.005182
0.000000 0.002137 0.009695 0.000000 0.003420
0.000000 0.000793 0.003329 0.000000 0.001163
0.000000 0.000000 0.000000 0.000000 0.000000
0.000000 0.000000 0.000000 0.000000 0.000000
0.000000 0.000000 0.000000 0.000000 0.000000
0.000000 0.000000 0.000000 0.000000 0.000000
0.000000 0.000000 0.000000 0.000000 0.000000
0.000000 0.000000 0.000000 0.000000 0.000000
0.000000 0.000000 0.000000 0.000000 0.000000
0.000000 0.000000 0.000000 0.000000 0.000000
0.000000 0.000000 0.000000 0.000000 0.000000
0.000000 0.000000 0.000000 0.000000 0.000000
0.000000 0.000000 0.000000 0.000000 0.000000
0.000000 0.000000 0.000000 0.000000 0.000000
0.000000 0.000000 0.000000 0.000000 0.000000
0.000000 0.000000 0.000000 0.000000 0.000000
0.000000 0.000000 0.000000 0.000000 0.000000
0.000000 0.000000 0.000000 0.000000 0.000000
0.000000 0.000000 0.000000 0.000000 0.000000
0.000000 0.000000 0.000000 0.000000 0.000000
0.000000 0.000000 0.000000 0.000000 0.000000
0.000000 0.000000 0.000000 0.000000 0.000000
0.000000 0.000000 0.000000 0.000000 0.000000
0.000000 0.000000 0.000000 0.000000 0.000000
0.000000 0.000000 0.000000 0.000000 0.000000
0.000000 0.000000 0.000000 0.000000 0.000000
0.000000 0.000000 0.000000 0.000000 0.000000
0.000000 0.000000 0.000000 0.000000 0.000000
0.000000 0.000000 0.000000 0.000000 0.000000
0.000000 0.000000 0.000000 0.000000 0.000000
0.000000 0.000000 0.000000 0.000000 0.000000
0.000000 0.000000 0.000000 0.000000 0.000000
0.000000 0.000000 0.000000 0.000000 0.000000
0.000000 0.000000 0.000000 0.000000 0.000000
0.000000 0.000000 0.000000 0.000000 0.000000
0.000000 0.000000 0.000000 0.000000 0.000000
0.000000 0.000000 0.000000 0.000000 0.000000
0.000000 0.000000 0.000000 0.000000 0.000000
0.000000 0.000000 0.000000 0.000000 0.000000
0.000000 0.000000 0.000000 0.000000 0.000000
0.000000 0.000000 0.000000 0.000000 0.000000
0.000000 0.000000 0.000000 0.000000 0.000000
0.000000 0.000000 0.000000 0.000000 0.000000
0.000000 0.000000 0.000000 0.000000 0.000000
0.000000 0.000000 0.000000 0.000000 0.000000
0.000000 0.000000 0.000000 0.000000 0.000000
0.000000 0.000000 0.000000 0.000000 0.000000
0.000000 0.000000 0.000000 0.000000 0.000000
0.000000 0.000000 0.000000 0.000000 0.000000
0.000000 0.000000 0.000000 0.000000 0.000000
0.000000 0.000000 0.000000 0.000000 0.000000
0.000000 0.000000 0.000000 0.000000 0.000000
0.000000 0.000000 0.000000 0.000000 0.000000
0.000000 0.000000 0.000000 0.000000 0.000000
0.000000 0.000000 0.000000 0.000000 0.000000
0.000000 0.000000 0.000000 0.000000 0.000000
0.000000 0.000000 0.000000 0.000000 0.000000
0.000000 0.000000 0.000000 0.000000 0.000000
0.000000 0.000000 0.000000 0.000000 0.000000
0.000000 0.000000 0.000000 0.000000 0.000000
0.000000 0.000000 0.000000 0.000000 0.000000
0.000000 0.000000 0.000000 0.000000 0.000000
0.000000 0.000000 0.000000 0.000000 0.000000
0.000000 0.000000 0.000000 0.000000 0.000000
0.000000 0.000000 0.000000 0.000000 0.000000
0.000000 0.000000 0.000000 0.000000 0.000000
0.000000 0.000000 0.000000 0.000000 0.000000
0.000000 0.000000 0.000000 0.000000 0.000000
0.000000 0.000000 0.000000 0.000000 0.000000
0.000000 0.000000 0.000000 0.000000 0.000000
0.000000 0.000000 0.000000 0.000000 0.000000
0.000000 0.000000 0.000000 0.000000 0.000000
0.000000 0.000000 0.000000 0.000000 0.000000
0.000000 0.000000 0.000000 0.000000 0.000000
0.000000 0.000000 0.000000 0.000000 0.000000
0.000000 0.000000 0.000000 0.000000 0.000000
0.000000 0.000000 0.000000 0.000000 0.000000
0.000000 0.000000 0.000000 0.000000 0.000000
0.000000 0.000000 0.000000 0.000000 0.000000
0.000000 0.000000 0.000000 0.000000 0.000000
0.000000 0.000000 0.000000 0.000000 0.000000
0.000000 0.000000 0.000000 0.000000 0.000000
0.000000 0.000000 0.000000 0.000000 0.000000
0.000000 0.000000 0.000000 0.000000 0.000000
0.000000 0.000000 0.000000 0.000000 0.000000
0.000000 0.000000 0.000000 0.000000 0.000000
0.000000 0.000000 0.000000 0.000000 0.000000
0.000000 0.000000 0.000000 0.000000 0.000000
0.000000 0.000000 0.000000 0.000000 0.000000
0.000000 0.000000 0.000000 0.000000 0.000000
0.000000 0.000000 0.000000 0.000000 0.000000
0.000000 0.000000 0.000000 0.000000 0.000000
0.000000 0.000000 0.000000 0.000000 0.000000
0.000000 0.000000 0.000000 0.000000 0.000000
