0.000000 0.000000 0.000000 0.000000 0.000000
0.000000 0.000000 0.000000 0.000000 0.000000
0.000000 0.000000 0.000000 0.000000 0.000000
0.000000 0.000000 0.000000 0.000000 0.000000
0.000000 0.000000 0.000000 0.000000 0.000000
0.000000 0.000000 0.000000 0.000000 0.000000
0.000000 0.000000 0.000000 0.000000 0.000000
0.000000 0.000000 0.000000 0.000000 0.000000
0.000000 0.000000 0.000000 0.000000 0.000000
0.000000 0.000000 0.000000 0.000000 0.000000
0.000000 0.000000 0.000000 0.000000 0.000000
0.000000 0.000000 0.000000 0.000000 0.000000
0.000000 0.000000 0.000000 0.000000 0.000000
0.000000 0.000000 0.000000 0.000000 0.000000
0.000000 0.000000 0.000000 0.000000 0.000000
0.000000 0.000000 0.000000 0.000000 0.000000
0.000000 0.000000 0.000000 0.000000 0.000000
0.000000 0.000000 0.000000 0.000000 0.000000
0.000000 0.000000 0.000000 0.000000 0.000000
0.000000 0.000000 0.000000 0.000000 0.000000
0.000000 0.000000 0.000000 0.000000 0.000000
0.000000 0.000000 0.000000 0.000000 0.000000
0.000000 0.000000 0.000000 0.000000 0.000000
0.000000 0.000000 0.000000 0.000000 0.000000
0.000000 0.000000 0.000000 0.000000 0.000000
0.000000 0.000000 0.000000 0.000000 0.000000
0.000000 0.000000 0.000000 0.000000 0.000000
0.000000 0.000000 0.000000 0.000000 0.000000
0.000000 0.000000 0.000000 0.000000 0.000000
0.000000 0.000000 0.000000 0.000000 0.000000
0.000000 0.000000 0.000000 0.000000 0.000000
0.000000 0.000000 0.000000 0.000000 0.000000
0.000000 0.000000 0.000000 0.000000 0.000000
0.000000 0.000000 0.000000 0.000000 0.000000
0.000000 0.000000 0.000000 0.000000 0.000000
0.000000 0.000000 0.000000 0.000000 0.000000
0.000000 0.000000 0.000000 0.000000 0.000000
0.000000 0.000000 0.000000 0.000000 0.000000
0.000000 0.000000 0.000000 0.000000 0.000000
0.000000 0.000000 0.000000 0.000000 0.000000
0.000000 0.000000 0.000000 0.000000 0.000000
0.000000 0.000000 0.000000 0.000000 0.000000
0.000000 0.000000 0.000000 0.000000 0.000000
0.000000 0.000000 0.000000 0.000000 0.000000
0.000000 0.000000 0.000000 0.000000 0.000000
0.000000 0.000000 0.000000 0.000000 0.000000
0.000000 0.000000 0.000000 0.000000 0.000000
0.000000 0.000000 0.000000 0.000000 0.000000
0.000000 0.000000 0.000000 0.000000 0.000000
0.000000 0.000000 0.000000 0.000000 0.000000
0.000000 0.000000 0.000000 0.000000 0.000000
0.000000 0.000000 0.000000 0.000000 0.000000
0.000000 0.000000 0.000000 0.000000 0.000000
0.000000 0.000000 0.000000 0.000000 0.000000
0.000000 0.000000 0.000000 0.000000 0.000000
0.000000 0.000000 0.000000 0.000000 0.000000
0.000000 0.000000 0.000000 0.000000 0.000000
0.000000 0.000000 0.000000 0.000000 0.000000
0.000000 0.000000 0.000000 0.000000 0.000000
0.000000 0.000000 0.000000 0.000000 0.000000
0.000000 0.000000 0.000000 0.000000 0.000000
0.000000 0.000000 0.000000 0.000000 0.000000
0.000000 0.000000 0.000000 0.000000 0.000000
0.000000 0.000000 0.000000 0.000000 0.000000
0.000000 0.000000 0.000000 0.000000 0.000000
0.000000 0.000000 0.000000 0.000000 0.000000
0.000000 0.000000 0.000000 0.000000 0.000000
0.000000 0.000000 0.000000 0.000000 0.000000
0.000000 0.000000 0.000000 0.000000 0.000000
0.000000 0.000000 0.000000 0.000000 0.000000
0.000000 0.000000 0.000000 0.000000 0.000000
0.000000 0.000000 0.000000 0.000000 0.000000
0.000000 0.000000 0.000000 0.000000 0.000000
0.000000 0.000000 0.000000 0.000000 0.000000
0.000000 0.000000 0.000000 0.000000 0.000000
0.000000 0.000000 0.000000 0.000000 0.000000
0.000000 0.000000 0.000000 0.000000 0.000000
0.000000 0.000000 0.000000 0.000000 0.000000
0.000000 0.000000 0.000000 0.000000 0.000000
0.000000 0.000000 0.000000 0.000000 0.000000
0.000000 0.000000 0.000000 0.000000 0.000000
0.000000 0.000000 0.000000 0.000000 0.000000
0.000000 0.000000 0.000000 0.000000 0.000000
0.000000 0.000000 0.000000 0.000000 0.000000
0.000000 0.000000 0.000000 0.000000 0.000000
0.000000 0.000000 0.000000 0.000000 0.000000
0.000000 0.000000 0.000000 0.000000 0.000000
0.000000 0.000000 0.000000 0.000000 0.000000
0.000000 0.000000 0.000000 0.000000 0.000000
0.000000 0.000000 0.000000 0.000000 0.000000
0.000000 0.000000 0.000000 0.000000 0.000000
0.000000 0.000000 0.000000 0.000000 0.000000
0.000000 0.000000 0.000000 0.000000 0.000000
0.000000 0.000000 0.000000 0.000000 0.000000
0.000000 0.000000 0.000000 0.000000 0.000000
0.000000 0.000000 0.000000 0.000000 0.000000
0.000000 0.000000 0.000000 0.000000 0.000000
0.000000 0.000000 0.000000 0.000000 0.000000
0.000000 0.000000 0.000000 0.000000 0.000000
0.000000 0.000000 0.000000 0.000000 0.000000
0.000000 0.000000 0.000000 0.000000 0.000000
0.000000 0.000000 0.000000 0.000000 0.000000
0.000000 0.000000 0.000000 0.000000 0.000000
0.000000 0.000000 0.000000 0.000000 0.000000
0.000000 0.000000 0.000000 0.000000 0.000000
0.000000 0.000000 0.000000 0.000000 0.000000
0.000000 0.000000 0.000000 0.000000 0.000000
0.000000 0.000000 0.000000 0.000000 0.000000
0.000000 0.000000 0.000000 0.000000 0.000000
0.000000 0.000000 0.000000 0.000000 0.000000
0.000000 0.000000 0.000000 0.000000 0.000000
0.000000 0.000000 0.000000 0.000000 0.000000
0.000000 0.000000 0.000000 0.000000 0.000000
0.000000 0.000000 0.000000 0.000000 0.000000
0.000000 0.000000 0.000000 0.000000 0.000000
0.000000 0.000000 0.000000 0.000000 0.000000
0.000000 0.000000 0.000000 0.000000 0.000000
0.000000 0.000000 0.000000 0.000000 0.000000
0.000000 0.000000 0.000000 0.000000 0.000000
0.000000 0.000000 0.000000 0.000000 0.000000
0.000000 0.000000 0.000000 0.000000 0.000000
0.000000 0.000000 0.000000 0.000000 0.000000
0.000000 0.000000 0.000000 0.000000 0.000000
0.000000 0.000090 0.000086 0.000467 0.000000
0.000000 0.000827 0.000789 0.004299 0.000000
0.000000 0.001204 0.001149 0.006262 0.000000
0.000000 0.001516 0.001446 0.007882 0.000000
0.000000 0.001528 0.001457 0.007944 0.000000
0.000000 0.001390 0.001326 0.007228 0.000000
0.000000 0.000641 0.000612 0.003334 0.000000
0.000000 0.000030 0.000029 0.000156 0.000000
0.000000 0.000000 0.000000 0.000000 0.000000
0.000000 0.000000 0.000000 0.000000 0.000000
0.000000 0.000000 0.000000 0.000000 0.000000
0.000000 0.000000 0.000000 0.000000 0.000000
0.000000 0.000000 0.000000 0.000000 0.000000
0.000000 0.000000 0.000000 0.000000 0.000000
0.000000 0.000000 0.000000 0.000000 0.000000
0.000000 0.000000 0.000000 0.000000 0.000000
0.000000 0.000000 0.000000 0.000000 0.000000
0.000000 0.000000 0.000000 0.000000 0.000000
0.000000 0.000000 0.000000 0.000000 0.000000
0.000000 0.000000 0.000000 0.000000 0.000000
0.000000 0.000000 0.000000 0.000000 0.000000
0.000000 0.000000 0.000000 0.000000 0.000000
0.000000 0.000000 0.000000 0.000000 0.000000
0.000000 0.000000 0.000000 0.000000 0.000000
0.000000 0.000000 0.000000 0.000000 0.000000
0.000000 0.000000 0.000000 0.000000 0.000000
0.000000 0.000000 0.000000 0.000000 0.000000
0.000000 0.000144 0.000000 0.001379 0.000537
0.000000 0.001714 0.000000 0.012845 0.003819
0.000000 0.001310 0.000000 0.035502 0.005279
0.000000 0.001208 0.000000 0.041693 0.005708
0.000000 0.001690 0.002126 0.040675 0.004778
0.000000 0.004718 0.008741 0.021637 0.004235
0.000000 0.005260 0.009251 0.007918 0.003632
0.000000 0.005061 0.009930 0.006039 0.003100
0.000000 0.000205 0.010807 0.004456 0.000780
0.000000 0.000000 0.008226 0.001041 0.000391
0.000000 0.000000 0.002686 0.000340 0.000128
0.000000 0.000000 0.000000 0.000000 0.000000
0.000000 0.000000 0.000000 0.000000 0.000000
0.000000 0.000000 0.000000 0.000000 0.000000
0.000000 0.000000 0.000000 0.000000 0.000000
0.000000 0.000000 0.000000 0.000000 0.000000
0.000000 0.000000 0.000000 0.000000 0.000000
0.000000 0.000000 0.000000 0.000000 0.000000
0.000000 0.000000 0.000000 0.000000 0.000000
0.000000 0.000000 0.000000 0.000000 0.000000
0.000000 0.000000 0.000000 0.000000 0.000000
0.000000 0.000000 0.000000 0.000000 0.000000
0.000000 0.000000 0.000000 0.000000 0.000000
0.000000 0.000000 0.000000 0.000000 0.000000
0.000000 0.000000 0.000000 0.000000 0.000000
0.000000 0.000000 0.000000 0.000000 0.000000
0.000000 0.000043 0.000000 0.000289 0.000070
0.000000 0.000574 0.000000 0.003933 0.002002
0.000000 0.002198 0.000000 0.027066 0.008465
0.000000 0.001951 0.000000 0.062877 0.020918
0.000000 0.000000 0.000000 0.083079 0.040227
0.011383 0.000000 0.000000 0.067408 0.068372
0.047800 0.000000 0.003649 0.054357 0.083042
0.084942 0.000000 0.021307 0.039716 0.073103
0.102344 0.009935 0.043895 0.000000 0.050795
0.076264 0.050612 0.075199 0.000000 0.014339
0.034155 0.065512 0.086681 0.000000 0.001166
0.003277 0.059461 0.074464 0.000000 0.000000
0.000000 0.018977 0.047626 0.000000 0.000000
0.000000 0.000329 0.017444 0.000000 0.000000
0.000174 0.000000 0.005327 0.000573 0.000000
0.000000 0.000000 0.000000 0.000000 0.000000
0.000171 0.000000 0.000000 0.000000 0.000000
0.000000 0.000000 0.000000 0.000000 0.000000
0.000000 0.000000 0.000000 0.000000 0.000000
0.000000 0.000000 0.000000 0.000000 0.000000
0.000000 0.000000 0.000000 0.000000 0.000000
0.000000 0.000000 0.000000 0.000000 0.000000
0.000000 0.000000 0.000000 0.000000 0.000000
0.000000 0.000000 0.000000 0.000000 0.000000
0.000000 0.000000 0.000000 0.000000 0.000000
0.000000 0.000000 0.000000 0.000000 0.000000
0.000000 0.000000 0.000000 0.000000 0.000000
0.000000 0.000168 0.000414 0.003723 0.000000
0.000000 0.000194 0.000547 0.023938 0.000000
0.000000 0.000000 0.001559 0.054614 0.007527
0.000000 0.000000 0.004135 0.096308 0.025143
0.001788 0.000000 0.007878 0.108980 0.058277
0.044542 0.000000 0.016041 0.088996 0.092053
0.090201 0.000000 0.041677 0.072938 0.111903
0.122839 0.013164 0.050354 0.064368 0.104450
0.114568 0.076511 0.050848 0.067082 0.095280
0.111426 0.106144 0.051741 0.060863 0.072442
0.115821 0.112408 0.061590 0.009477 0.042030
0.067280 0.121102 0.102475 0.000000 0.009758
0.029108 0.112230 0.119560 0.000000 0.000000
0.000000 0.063416 0.099923 0.000000 0.000000
0.001893 0.004980 0.053128 0.000000 0.000000
0.005796 0.000000 0.008444 0.004564 0.000000
0.000656 0.000000 0.000462 0.001137 0.000000
0.003469 0.000000 0.000000 0.000000 0.000000
0.000000 0.000000 0.000000 0.000000 0.000000
0.000000 0.000000 0.000000 0.000000 0.000000
0.000000 0.000000 0.000000 0.000000 0.000000
0.000000 0.000000 0.000000 0.000000 0.000000
0.000000 0.000000 0.000000 0.000000 0.000000
0.000000 0.000000 0.000000 0.000000 0.000000
0.000000 0.000000 0.000000 0.000000 0.000000
0.000000 0.000000 0.000000 0.000000 0.000000
0.000000 0.000000 0.000000 0.000000 0.000000
0.000473 0.000000 0.000000 0.019795 0.000000
0.000000 0.000000 0.000000 0.042044 0.000000
0.000000 0.000000 0.000000 0.084158 0.000639
0.000000 0.000000 0.012633 0.124560 0.020877
0.009562 0.000000 0.021221 0.135850 0.066382
0.049971 0.000000 0.039195 0.113949 0.104448
0.111176 0.000000 0.060897 0.084317 0.091862
0.116338 0.054089 0.067980 0.060639 0.065146
0.082017 0.124200 0.059969 0.080237 0.040823
0.052821 0.128331 0.053072 0.093663 0.040137
0.053694 0.102945 0.029539 0.102488 0.064922
0.099010 0.071452 0.016357 0.064600 0.071876
0.087542 0.089724 0.067946 0.000000 0.051703
0.050810 0.103219 0.124194 0.000000 0.004390
0.001053 0.085031 0.128426 0.000000 0.000000
0.000000 0.014983 0.093039 0.000000 0.000000
0.001083 0.000000 0.030142 0.001582 0.000000
0.001007 0.000000 0.002575 0.002261 0.000000
0.001308 0.000000 0.000000 0.000000 0.000000
0.000000 0.000000 0.000000 0.000000 0.000000
0.000000 0.000000 0.000000 0.000000 0.000000
0.000000 0.000000 0.000000 0.000000 0.000000
0.000000 0.000000 0.000000 0.000000 0.000000
0.000000 0.000000 0.000000 0.000000 0.000000
0.000000 0.000000 0.000000 0.000000 0.000000
0.000022 0.000028 0.000006 0.000000 0.000000
0.000270 0.000333 0.000075 0.000000 0.000000
0.000179 0.000000 0.000000 0.008460 0.000000
0.000000 0.000000 0.000000 0.054972 0.000000
0.000000 0.000000 0.000690 0.096437 0.000000
0.000000 0.000000 0.014328 0.129064 0.009646
0.000000 0.000000 0.045039 0.132571 0.061588
0.039105 0.000000 0.070639 0.102847 0.104294
0.105015 0.000000 0.074396 0.054586 0.093228
0.108367 0.080530 0.085220 0.008322 0.048367
0.058845 0.144444 0.087165 0.014274 0.003749
0.019682 0.123910 0.056994 0.050227 0.003325
0.000373 0.069730 0.030846 0.080918 0.019222
0.025550 0.014779 0.000000 0.127994 0.043243
0.066055 0.006111 0.000000 0.104743 0.092505
0.088025 0.049742 0.015290 0.032608 0.085525
0.044990 0.088052 0.097593 0.000000 0.034535
0.000000 0.069771 0.115353 0.000000 0.000000
0.000000 0.034014 0.096074 0.000914 0.000000
0.000000 0.001796 0.038964 0.007940 0.000000
0.000000 0.000000 0.013126 0.000000 0.000000
0.000000 0.000000 0.000000 0.000000 0.000000
0.000000 0.000000 0.000000 0.000000 0.000000
0.000000 0.000000 0.000000 0.000000 0.000000
0.000000 0.000000 0.000000 0.000000 0.000000
0.000000 0.000000 0.000000 0.000000 0.000000
0.000000 0.000000 0.000000 0.000000 0.000000
0.000000 0.000000 0.000000 0.000000 0.000000
0.000124 0.000153 0.000034 0.000000 0.000000
0.002589 0.002701 0.000000 0.008242 0.000000
0.000980 0.001591 0.000000 0.046550 0.000000
0.000000 0.000000 0.000000 0.085463 0.000000
0.000000 0.000000 0.014655 0.122699 0.000000
0.000000 0.000000 0.043605 0.129174 0.036858
0.009917 0.000000 0.090050 0.068984 0.099425
0.087505 0.000000 0.096068 0.020456 0.101943
0.119158 0.067898 0.071345 0.000000 0.063421
0.061503 0.147314 0.058846 0.000000 0.012433
0.003633 0.122011 0.040716 0.000000 0.000000
0.000000 0.037781 0.016150 0.037423 0.001281
0.001782 0.003567 0.000000 0.068442 0.016294
0.025330 0.000910 0.000000 0.132042 0.034040
0.072632 0.006214 0.000000 0.109745 0.092638
0.083736 0.059589 0.000000 0.047522 0.093817
0.040403 0.083447 0.088037 0.004064 0.050944
0.000000 0.080559 0.123017 0.021498 0.000000
0.000000 0.051137 0.090961 0.006800 0.000000
0.000000 0.012803 0.035476 0.007755 0.000000
0.000000 0.000000 0.016461 0.000000 0.000000
0.000000 0.000000 0.000000 0.000000 0.000000
0.000000 0.000000 0.000000 0.000000 0.000000
0.000000 0.000000 0.000000 0.000000 0.000000
0.000000 0.000000 0.000000 0.000000 0.000000
0.000000 0.000000 0.000000 0.000000 0.000000
0.000000 0.000000 0.000000 0.000000 0.000000
0.000000 0.000000 0.000000 0.000000 0.000000
0.000000 0.000000 0.000000 0.000000 0.000000
0.000259 0.000000 0.000000 0.022039 0.000000
0.000000 0.000504 0.000000 0.074193 0.000000
0.000000 0.000000 0.015252 0.105708 0.000000
0.000000 0.000000 0.052446 0.124323 0.000050
0.000000 0.000000 0.096476 0.095101 0.065428
0.041010 0.000000 0.104932 0.011986 0.122337
0.109960 0.031814 0.063940 0.000000 0.094681
0.098300 0.131379 0.029919 0.000000 0.025875
0.023540 0.131937 0.015307 0.000000 0.000000
0.000000 0.049335 0.004601 0.023478 0.001216
0.003131 0.000000 0.000000 0.066185 0.008885
0.007166 0.004750 0.000000 0.100539 0.022765
0.056210 0.001555 0.000000 0.136160 0.048730
0.103855 0.027743 0.000000 0.082106 0.098835
0.095952 0.074171 0.019470 0.012069 0.102164
0.026676 0.103364 0.114958 0.001118 0.056608
0.000000 0.086990 0.148560 0.006724 0.000000
0.000000 0.044345 0.098032 0.007965 0.000000
0.000000 0.004203 0.028074 0.010634 0.000000
0.000000 0.000000 0.016461 0.000000 0.000000
0.000000 0.000000 0.000000 0.000000 0.000000
0.000000 0.000000 0.000000 0.000000 0.000000
0.000000 0.000000 0.000000 0.000000 0.000000
0.000000 0.000000 0.000000 0.000000 0.000000
0.000000 0.000000 0.000000 0.000000 0.000000
0.000000 0.000000 0.000000 0.000000 0.000000
0.000000 0.000000 0.000000 0.000000 0.000000
0.000000 0.000000 0.000000 0.000000 0.000000
0.000053 0.000000 0.000000 0.027660 0.000000
0.000000 0.000000 0.006801 0.072190 0.000000
0.000000 0.000000 0.045101 0.105847 0.000000
0.000000 0.000000 0.084927 0.115189 0.014051
0.000000 0.000000 0.121517 0.063988 0.089667
0.054157 0.006252 0.079872 0.001172 0.124994
0.105986 0.087142 0.014713 0.000000 0.065425
0.078831 0.132642 0.000000 0.026249 0.001762
0.018646 0.081582 0.000000 0.045737 0.000000
0.013977 0.015573 0.000000 0.060610 0.000000
0.020933 0.014296 0.000000 0.089795 0.011415
0.050715 0.010791 0.000000 0.114845 0.037731
0.107953 0.035056 0.000000 0.105659 0.075874
0.125325 0.078515 0.000000 0.049690 0.101174
0.064876 0.123855 0.073312 0.000000 0.096597
0.003404 0.112784 0.134148 0.000000 0.052153
0.000000 0.057523 0.136679 0.000000 0.000000
0.000000 0.009518 0.073180 0.008645 0.000000
0.000000 0.000145 0.021970 0.010382 0.000000
0.000000 0.000000 0.016461 0.000000 0.000000
0.000000 0.000000 0.000000 0.000000 0.000000
0.000000 0.000000 0.000000 0.000000 0.000000
0.000000 0.000000 0.000000 0.000000 0.000000
0.000000 0.000000 0.000000 0.000000 0.000000
0.000000 0.000000 0.000000 0.000000 0.000000
0.000000 0.000000 0.000000 0.000000 0.000000
0.000000 0.000000 0.000000 0.000000 0.000000
0.000000 0.000000 0.000000 0.000000 0.000000
0.000000 0.004191 0.004932 0.022357 0.000000
0.000000 0.000000 0.028183 0.063830 0.000000
0.000000 0.000000 0.063642 0.088862 0.000000
0.000000 0.000000 0.099845 0.104888 0.015173
0.000000 0.000000 0.116584 0.049957 0.103562
0.057957 0.012938 0.054409 0.018565 0.125156
0.100053 0.098526 0.000000 0.023998 0.049108
0.091996 0.110561 0.000000 0.060539 0.003173
0.066286 0.056462 0.000000 0.076833 0.000000
0.065489 0.038572 0.000000 0.082371 0.000032
0.087314 0.041419 0.000000 0.101480 0.026219
0.119875 0.053771 0.000000 0.088998 0.063397
0.139447 0.081931 0.000000 0.082318 0.091919
0.106573 0.114574 0.044270 0.035639 0.111474
0.041844 0.128051 0.104992 0.000000 0.087142
0.000000 0.071728 0.137620 0.000000 0.038517
0.000000 0.014093 0.101112 0.000000 0.000000
0.000000 0.000618 0.050985 0.006138 0.000000
0.000000 0.000000 0.019791 0.003476 0.000000
0.000000 0.000000 0.016461 0.000000 0.000000
0.000000 0.000000 0.000000 0.000000 0.000000
0.000000 0.000000 0.000000 0.000000 0.000000
0.000000 0.000000 0.000000 0.000000 0.000000
0.000000 0.000000 0.000000 0.000000 0.000000
0.000000 0.000000 0.000000 0.000000 0.000000
0.000000 0.000000 0.000000 0.000000 0.000000
0.000000 0.000000 0.000000 0.000000 0.000000
0.000000 0.000000 0.000000 0.000000 0.000000
0.000000 0.000000 0.012185 0.010185 0.000000
0.000000 0.000000 0.044498 0.054533 0.000000
0.000000 0.000000 0.076857 0.058781 0.000000
0.000000 0.000000 0.103963 0.085023 0.013782
0.000000 0.000000 0.112354 0.034610 0.095058
0.028199 0.017337 0.079096 0.024812 0.112969
0.081531 0.082560 0.018075 0.034509 0.071774
0.103324 0.093925 0.000000 0.054923 0.044028
0.114676 0.062165 0.000000 0.067764 0.032958
0.120712 0.055971 0.000000 0.053940 0.053872
0.109702 0.064741 0.012012 0.037528 0.070572
0.114668 0.086523 0.028433 0.048196 0.074150
0.128827 0.113086 0.032937 0.059439 0.089558
0.081760 0.112556 0.073764 0.026323 0.116114
0.016616 0.075010 0.139086 0.000000 0.079063
0.000000 0.014052 0.129989 0.000000 0.029873
0.000000 0.000761 0.070680 0.009672 0.000000
0.000000 0.000000 0.032678 0.008116 0.000000
0.000000 0.000000 0.016461 0.000000 0.000000
0.000000 0.000000 0.013013 0.000000 0.000000
0.000000 0.000000 0.000000 0.000000 0.000000
0.000000 0.000000 0.000000 0.000000 0.000000
0.000000 0.000000 0.000000 0.000000 0.000000
0.000000 0.000000 0.000000 0.000000 0.000000
0.000000 0.000000 0.000000 0.000000 0.000000
0.000000 0.000000 0.000000 0.000000 0.000000
0.000000 0.000000 0.000000 0.000000 0.000000
0.000000 0.000000 0.000000 0.000000 0.000000
0.000000 0.000305 0.009467 0.008757 0.000000
0.000000 0.000000 0.049583 0.036234 0.000000
0.000000 0.000000 0.079277 0.048260 0.000000
0.000000 0.000000 0.084555 0.053036 0.008385
0.000000 0.000000 0.118738 0.020483 0.066972
0.003715 0.015688 0.111686 0.000000 0.111105
0.031951 0.055232 0.093375 0.000000 0.107458
0.055744 0.062821 0.077550 0.000000 0.094645
0.063306 0.055303 0.077402 0.000000 0.091177
0.050134 0.061053 0.089969 0.000000 0.083827
0.037715 0.084349 0.094992 0.000000 0.070693
0.095067 0.106888 0.048980 0.039282 0.055537
0.118696 0.107910 0.046206 0.044912 0.094663
0.061715 0.071181 0.102312 0.016846 0.119855
0.000000 0.016436 0.138748 0.030163 0.068100
0.000000 0.000000 0.093421 0.042634 0.006511
0.000000 0.000000 0.048749 0.026535 0.000000
0.000000 0.000000 0.019481 0.008118 0.000000
0.000000 0.000000 0.006116 0.000000 0.000000
0.000000 0.000000 0.001562 0.000000 0.000000
0.000000 0.000000 0.000000 0.000000 0.000000
0.000000 0.000000 0.000000 0.000000 0.000000
0.000000 0.002148 0.000000 0.000000 0.000098
0.000000 0.000000 0.000000 0.000000 0.000000
0.000000 0.000000 0.000000 0.000000 0.000000
0.000000 0.000000 0.000000 0.000000 0.000000
0.000000 0.000000 0.000000 0.000000 0.000000
0.000000 0.000170 0.000493 0.001176 0.000000
0.000000 0.001448 0.007685 0.011532 0.000000
0.000000 0.000000 0.025900 0.012452 0.000000
0.000000 0.000000 0.066024 0.025457 0.000000
0.000000 0.000000 0.074432 0.035183 0.000000
0.000000 0.000000 0.089105 0.038319 0.030290
0.000000 0.007279 0.095388 0.033874 0.074323
0.000000 0.032756 0.096317 0.006612 0.093676
0.000000 0.040713 0.107864 0.000000 0.091482
0.000000 0.047325 0.112922 0.000000 0.077382
0.000000 0.077211 0.095820 0.000000 0.064926
0.025153 0.116841 0.056425 0.021282 0.038908
0.119114 0.116487 0.025006 0.050984 0.034355
0.116671 0.064584 0.067362 0.032021 0.096588
0.036210 0.016533 0.120791 0.055450 0.118597
0.000000 0.000000 0.114236 0.083074 0.053204
0.000000 0.000000 0.066897 0.064057 0.000000
0.000000 0.000119 0.035861 0.040164 0.000000
0.000000 0.000000 0.008433 0.013472 0.000000
0.000000 0.000000 0.000000 0.000000 0.000000
0.000000 0.000000 0.000000 0.000000 0.000000
0.000000 0.000000 0.000000 0.000000 0.000000
0.000000 0.000000 0.000000 0.000000 0.000000
0.000000 0.000000 0.000000 0.000000 0.000000
0.000000 0.000000 0.000000 0.000000 0.000000
0.000000 0.000000 0.000000 0.000000 0.000000
0.000000 0.000000 0.000000 0.000000 0.000000
0.000226 0.001025 0.000255 0.000000 0.000000
0.000000 0.001115 0.003041 0.007188 0.000000
0.000000 0.001874 0.005444 0.012984 0.000000
0.000000 0.000004 0.015207 0.007625 0.000000
0.000000 0.000000 0.029681 0.001007 0.000000
0.000000 0.000000 0.046760 0.007639 0.000000
0.000000 0.000000 0.054819 0.033835 0.000000
0.000000 0.003184 0.061622 0.047141 0.030166
0.000000 0.006828 0.058762 0.036031 0.048024
0.000000 0.009801 0.059498 0.034933 0.047517
0.000000 0.042373 0.046018 0.031526 0.040858
0.000000 0.093863 0.024577 0.029896 0.032180
0.078546 0.132355 0.005479 0.025259 0.009852
0.147029 0.070053 0.040426 0.020177 0.038587
0.090648 0.019453 0.097516 0.000000 0.111514
0.000795 0.000000 0.112383 0.053400 0.117745
0.000000 0.000000 0.076407 0.130465 0.037901
0.000000 0.000000 0.040205 0.105877 0.000000
0.000000 0.001072 0.017805 0.042957 0.000000
0.000000 0.000000 0.004201 0.014672 0.000000
0.000000 0.000000 0.000000 0.000000 0.000000
0.000000 0.000000 0.000000 0.000000 0.000000
0.000000 0.000000 0.000000 0.000000 0.000000
0.000000 0.000000 0.000000 0.000000 0.000000
0.000000 0.000000 0.000000 0.000000 0.000000
0.000000 0.000000 0.000000 0.000000 0.000000
0.000000 0.000000 0.000000 0.000000 0.000000
0.000000 0.000000 0.000000 0.000000 0.000000
0.000522 0.002367 0.000589 0.000000 0.000000
0.000000 0.002049 0.005507 0.012991 0.000000
0.000000 0.001867 0.005423 0.012933 0.000000
0.000000 0.000210 0.005914 0.004414 0.000000
0.000000 0.000000 0.021753 0.000000 0.000000
0.000000 0.000000 0.022782 0.000000 0.000000
0.000000 0.000197 0.017920 0.009892 0.000000
0.000000 0.007392 0.022166 0.030031 0.003548
0.000000 0.007552 0.026002 0.050424 0.014568
0.000000 0.032630 0.023691 0.049204 0.012561
0.000000 0.088086 0.016948 0.034468 0.012015
0.015045 0.129462 0.009182 0.019261 0.000000
0.126510 0.087766 0.014839 0.012901 0.000000
0.146479 0.017717 0.078289 0.000000 0.044950
0.052653 0.000000 0.104319 0.000000 0.123846
0.000000 0.000000 0.079652 0.052871 0.112999
0.000000 0.000000 0.044231 0.129001 0.029360
0.000000 0.000000 0.014387 0.133056 0.000000
0.000000 0.001756 0.009384 0.048091 0.000000
0.000000 0.000000 0.004387 0.015599 0.000000
0.000000 0.000000 0.000064 0.000222 0.000000
0.000000 0.000000 0.000000 0.000000 0.000000
0.000000 0.000000 0.000000 0.000000 0.000000
0.000000 0.000000 0.000000 0.000000 0.000000
0.000000 0.000000 0.000000 0.000000 0.000000
0.000000 0.000000 0.000000 0.000000 0.000000
0.000000 0.000000 0.000000 0.000000 0.000000
0.000000 0.000000 0.000000 0.000000 0.000000
0.000000 0.000000 0.000000 0.000000 0.000000
0.000000 0.001874 0.005444 0.012984 0.000000
0.000000 0.001867 0.005423 0.012933 0.000000
0.000000 0.001243 0.006574 0.010465 0.000000
0.000000 0.000080 0.015239 0.009732 0.000000
0.000000 0.000385 0.017371 0.012393 0.000000
0.000000 0.002803 0.011453 0.015352 0.000000
0.000000 0.011363 0.005972 0.018428 0.000000
0.000000 0.045370 0.001787 0.023598 0.000000
0.000000 0.081042 0.000000 0.030497 0.000000
0.000000 0.119070 0.003560 0.023452 0.000000
0.080182 0.097640 0.010174 0.017559 0.000000
0.157524 0.024617 0.063774 0.000000 0.000000
0.122569 0.000000 0.093648 0.000000 0.068446
0.012113 0.000000 0.085057 0.000000 0.131003
0.000000 0.001260 0.046126 0.037154 0.105679
0.000000 0.000000 0.012990 0.141833 0.019109
0.000000 0.000000 0.004783 0.144217 0.000000
0.000000 0.000945 0.006374 0.052337 0.000000
0.000000 0.000000 0.005436 0.018733 0.000000
0.000000 0.000000 0.001611 0.005553 0.000000
0.000000 0.000000 0.000000 0.000000 0.000000
0.000000 0.000000 0.000000 0.000000 0.000000
0.000000 0.000000 0.000000 0.000000 0.000000
0.000000 0.000000 0.000000 0.000000 0.000000
0.000000 0.000000 0.000000 0.000000 0.000000
0.000000 0.000000 0.000000 0.000000 0.000000
0.000000 0.000000 0.000000 0.000000 0.000000
0.000000 0.000000 0.000000 0.000000 0.000000
0.000000 0.001439 0.004180 0.009968 0.000000
0.000000 0.001874 0.005444 0.012984 0.000000
0.000000 0.001703 0.005037 0.012696 0.000000
0.000000 0.000877 0.013003 0.013650 0.000000
0.000000 0.000815 0.016061 0.014303 0.000000
0.000000 0.001998 0.014135 0.013191 0.000000
0.000000 0.038561 0.005503 0.010751 0.000000
0.000000 0.088303 0.000000 0.004795 0.000000
0.000000 0.117528 0.000000 0.003494 0.000000
0.037231 0.104308 0.009347 0.009784 0.000000
0.118354 0.041004 0.054328 0.001424 0.000000
0.152948 0.000000 0.089352 0.000000 0.006214
0.080697 0.000000 0.091559 0.000000 0.091601
0.000000 0.000000 0.049695 0.000000 0.131965
0.000000 0.006608 0.017117 0.044857 0.094235
0.000000 0.000000 0.006478 0.141747 0.011737
0.000000 0.000000 0.000000 0.142108 0.000000
0.000000 0.000000 0.000126 0.072406 0.000000
0.000000 0.000000 0.005359 0.019852 0.000000
0.000000 0.000000 0.002793 0.009626 0.000000
0.000000 0.000000 0.000000 0.000000 0.000000
0.000000 0.000000 0.000000 0.000000 0.000000
0.000000 0.000000 0.000000 0.000000 0.000000
0.000000 0.000000 0.000000 0.000000 0.000000
0.000000 0.000000 0.000000 0.000000 0.000000
0.000000 0.000000 0.000000 0.000000 0.000000
0.000000 0.000000 0.000000 0.000000 0.000000
0.000000 0.000000 0.000000 0.000000 0.000000
0.000000 0.000125 0.000364 0.000869 0.000000
0.000000 0.001121 0.003258 0.007770 0.000000
0.001390 0.000227 0.000828 0.003245 0.000000
0.002850 0.000000 0.002335 0.002970 0.000108
0.000000 0.001135 0.009099 0.003703 0.000103
0.000000 0.031134 0.008950 0.000000 0.000000
0.000000 0.078543 0.005342 0.001749 0.000000
0.000000 0.108491 0.004215 0.004080 0.000000
0.008494 0.094533 0.019484 0.004062 0.000000
0.080504 0.053573 0.066721 0.000000 0.000000
0.130078 0.006694 0.094933 0.000000 0.000000
0.125731 0.000000 0.095478 0.000000 0.022987
0.037736 0.000000 0.062407 0.000000 0.109660
0.000000 0.000000 0.009141 0.000229 0.130577
0.000000 0.008444 0.001768 0.073520 0.085071
0.000000 0.000000 0.001144 0.137363 0.008189
0.000000 0.000000 0.000000 0.126234 0.000000
0.000230 0.000000 0.000000 0.097953 0.000000
0.000000 0.000000 0.003178 0.037199 0.000000
0.000000 0.000000 0.004555 0.015697 0.000000
0.000000 0.000000 0.000000 0.000000 0.000000
0.000000 0.000000 0.000000 0.000000 0.000000
0.000000 0.000000 0.000000 0.000000 0.000000
0.000000 0.000000 0.000000 0.000000 0.000000
0.000000 0.000000 0.000000 0.000000 0.000000
0.000000 0.000000 0.000000 0.000000 0.000000
0.000000 0.000000 0.000000 0.000000 0.000000
0.000000 0.000000 0.000000 0.000000 0.000000
0.000000 0.000000 0.000000 0.000000 0.000000
0.000000 0.000000 0.000000 0.000000 0.000000
0.000000 0.000000 0.000000 0.000000 0.000000
0.001845 0.002008 0.000000 0.000000 0.000339
0.000000 0.023479 0.000000 0.000000 0.000040
0.000000 0.069966 0.000000 0.000000 0.000000
0.000000 0.097060 0.002023 0.000000 0.000000
0.001237 0.080147 0.011414 0.000000 0.000000
0.050997 0.060038 0.053333 0.000000 0.000000
0.103852 0.018702 0.086140 0.000000 0.000000
0.124874 0.000000 0.094866 0.000000 0.000000
0.089727 0.000000 0.072654 0.000000 0.038613
0.016205 0.000000 0.026306 0.000000 0.105701
0.000000 0.001888 0.000296 0.000000 0.127445
0.000000 0.010547 0.000430 0.074850 0.074739
0.000000 0.000000 0.000000 0.128431 0.008063
0.000000 0.000000 0.000000 0.113976 0.000000
0.000876 0.000000 0.000000 0.098833 0.000000
0.000000 0.000000 0.000000 0.057759 0.000000
0.000000 0.000000 0.005243 0.018066 0.000000
0.000000 0.000000 0.004039 0.013920 0.000000
0.000000 0.000000 0.000623 0.002147 0.000000
0.000000 0.000000 0.000000 0.000000 0.000000
0.000000 0.000000 0.000000 0.000000 0.000000
0.000000 0.000000 0.000000 0.000000 0.000000
0.000000 0.000000 0.000000 0.000000 0.000000
0.000000 0.000000 0.000000 0.000000 0.000000
0.000000 0.000000 0.000000 0.000000 0.000000
0.000000 0.000000 0.000000 0.000000 0.000000
0.000000 0.000000 0.000000 0.000000 0.000000
0.000000 0.000729 0.000019 0.000000 0.000000
0.000000 0.015383 0.000000 0.000000 0.000000
0.000000 0.063842 0.000000 0.000000 0.000000
0.000000 0.086999 0.000000 0.000000 0.000000
0.003296 0.082556 0.000000 0.000000 0.000000
0.035750 0.060216 0.031570 0.000000 0.000000
0.084351 0.031291 0.072412 0.000000 0.000000
0.112947 0.000000 0.097260 0.000000 0.000000
0.105029 0.000000 0.077280 0.000000 0.004667
0.065981 0.000000 0.038007 0.000000 0.050653
0.003077 0.000000 0.011668 0.000000 0.106440
0.000000 0.002510 0.001572 0.000000 0.128789
0.000000 0.009940 0.000000 0.043851 0.079884
0.000000 0.002566 0.000000 0.112651 0.018144
0.000000 0.000000 0.000000 0.111113 0.000000
0.001569 0.000000 0.000000 0.091666 0.000000
0.001450 0.000000 0.000000 0.069478 0.000000
0.000000 0.000000 0.002993 0.032762 0.000000
0.000000 0.000000 0.005436 0.018733 0.000000
0.000000 0.000000 0.002492 0.008589 0.000000
0.000000 0.000000 0.000000 0.000000 0.000000
0.000000 0.000000 0.000000 0.000000 0.000000
0.000000 0.000000 0.000000 0.000000 0.000000
0.000000 0.000000 0.000000 0.000000 0.000000
0.000000 0.000000 0.000000 0.000000 0.000000
0.000000 0.000000 0.000000 0.000000 0.000000
0.000000 0.000000 0.000000 0.000000 0.000000
0.000000 0.000265 0.000000 0.000011 0.000000
0.000000 0.006835 0.000000 0.000000 0.000000
0.000000 0.041219 0.000000 0.000000 0.000000
0.000000 0.078963 0.000000 0.000000 0.000000
0.000000 0.069574 0.000000 0.000000 0.000000
0.015523 0.052984 0.013124 0.000000 0.000000
0.056248 0.043174 0.067816 0.000000 0.000000
0.091477 0.002377 0.091684 0.000000 0.000000
0.097114 0.000000 0.090894 0.000000 0.000000
0.078574 0.000000 0.054176 0.000000 0.008242
0.039785 0.000000 0.026358 0.000000 0.057049
0.000055 0.000000 0.000000 0.000000 0.106091
0.000000 0.000000 0.000000 0.000000 0.119761
0.000000 0.008881 0.000000 0.014660 0.081190
0.000000 0.002522 0.000000 0.092152 0.018313
0.000000 0.000000 0.000000 0.101642 0.000000
0.001239 0.000000 0.000000 0.090011 0.000000
0.001355 0.000000 0.000000 0.048446 0.000000
0.000000 0.000000 0.001947 0.029688 0.000000
0.000000 0.000000 0.005436 0.018733 0.000000
0.000000 0.000000 0.002492 0.008589 0.000000
0.000000 0.000000 0.000000 0.000000 0.000000
0.000000 0.000000 0.000000 0.000000 0.000000
0.000000 0.000000 0.000000 0.000000 0.000000
0.000000 0.000000 0.000000 0.000000 0.000000
0.000000 0.000000 0.000000 0.000000 0.000000
0.000000 0.000000 0.000000 0.000000 0.000000
0.000000 0.000000 0.000000 0.000000 0.000000
0.000000 0.003312 0.000000 0.000114 0.000000
0.000000 0.027872 0.000000 0.000000 0.000000
0.000000 0.049108 0.000000 0.000000 0.000000
0.000000 0.057056 0.000000 0.000144 0.000000
0.001933 0.049586 0.000000 0.000000 0.000000
0.020620 0.040310 0.015908 0.000000 0.000000
0.052004 0.018612 0.073840 0.000000 0.000000
0.070141 0.000000 0.081077 0.000000 0.000000
0.071863 0.000000 0.062714 0.000000 0.000000
0.064225 0.000000 0.031152 0.000000 0.004968
0.023930 0.000000 0.020355 0.000000 0.036132
0.004639 0.000000 0.000000 0.000000 0.078811
0.000000 0.000000 0.000000 0.000000 0.088508
0.000000 0.001987 0.000000 0.018029 0.049989
0.000000 0.000000 0.000000 0.051828 0.013703
0.000000 0.000000 0.000000 0.057126 0.000000
0.000000 0.000000 0.000000 0.063401 0.000000
0.000172 0.000000 0.000000 0.016169 0.000000
0.000000 0.000000 0.003192 0.017010 0.000000
0.000000 0.000000 0.005200 0.017918 0.000000
0.000000 0.000000 0.001139 0.003924 0.000000
0.000000 0.000000 0.000000 0.000000 0.000000
0.000000 0.000000 0.000000 0.000000 0.000000
0.000000 0.000000 0.000000 0.000000 0.000000
0.000000 0.000000 0.000000 0.000000 0.000000
0.000000 0.000000 0.000000 0.000000 0.000000
0.000000 0.000000 0.000000 0.000000 0.000000
0.000000 0.001679 0.000000 0.000067 0.000000
0.000000 0.014946 0.000000 0.000000 0.000000
0.000000 0.016295 0.000000 0.000000 0.000000
0.000248 0.019576 0.000000 0.000610 0.000000
0.001137 0.018631 0.000000 0.000000 0.000000
0.006538 0.013387 0.000475 0.000000 0.000000
0.010265 0.005597 0.009792 0.000000 0.000000
0.010110 0.001933 0.013034 0.000000 0.000105
0.013539 0.000000 0.003374 0.000000 0.000000
0.010840 0.000000 0.000000 0.000204 0.000181
0.006997 0.000000 0.000000 0.006208 0.000000
0.000000 0.000000 0.008108 0.005282 0.006273
0.000000 0.000000 0.000894 0.001077 0.017400
0.000000 0.000000 0.000000 0.000000 0.028707
0.000000 0.001863 0.000000 0.002991 0.019180
0.000000 0.000000 0.000000 0.022826 0.004509
0.000000 0.000000 0.000000 0.027019 0.000000
0.000000 0.000000 0.000000 0.012662 0.000000
0.000000 0.000000 0.000000 0.003323 0.000000
0.000000 0.000000 0.000000 0.000000 0.000000
0.000000 0.000000 0.000000 0.000000 0.000000
0.000000 0.000000 0.000000 0.000000 0.000000
0.000000 0.000000 0.000000 0.000000 0.000000
0.000000 0.000000 0.000000 0.000000 0.000000
0.000000 0.000000 0.000000 0.000000 0.000000
0.000000 0.000000 0.000000 0.000000 0.000000
0.000000 0.000000 0.000000 0.000000 0.000000
0.000000 0.000000 0.000000 0.000000 0.000000
0.000000 0.000000 0.000000 0.000000 0.000000
0.000000 0.000000 0.000000 0.000000 0.000000
0.000000 0.000000 0.000000 0.000000 0.000000
0.000000 0.000000 0.000000 0.000000 0.000000
0.000000 0.000000 0.000000 0.000000 0.000000
0.000000 0.000000 0.000000 0.000000 0.000000
0.000000 0.000000 0.000000 0.000000 0.000000
0.000000 0.000000 0.000000 0.000000 0.000000
0.000000 0.000000 0.000000 0.000000 0.000000
0.000000 0.000000 0.000000 0.000000 0.000000
0.000000 0.000000 0.000000 0.000000 0.000000
0.000000 0.000000 0.000000 0.000000 0.000000
0.000000 0.000000 0.000000 0.000000 0.000000
0.000000 0.000000 0.000000 0.000000 0.000000
0.000000 0.000000 0.000000 0.000828 0.000000
0.000000 0.000000 0.000000 0.013188 0.000000
0.000000 0.000000 0.000000 0.006505 0.000000
0.000000 0.000000 0.000000 0.000000 0.000000
0.000000 0.000000 0.000000 0.000000 0.000000
0.000000 0.000000 0.000000 0.000000 0.000000
0.000000 0.000000 0.000000 0.000000 0.000000
0.000000 0.000000 0.000000 0.000000 0.000000
0.000000 0.000000 0.000000 0.000000 0.000000
0.000000 0.000000 0.000000 0.000000 0.000000
0.000000 0.000000 0.000000 0.000000 0.000000
