0.000000 0.000000 0.000000 0.000000 0.000000
0.000000 0.000000 0.000000 0.000000 0.000000
0.000000 0.000000 0.000000 0.000000 0.000000
0.000000 0.000000 0.000000 0.000000 0.000000
0.000000 0.000000 0.000000 0.000000 0.000000
0.000000 0.000000 0.000000 0.000000 0.000000
0.000000 0.000000 0.000000 0.000000 0.000000
0.000000 0.000000 0.000000 0.000000 0.000000
0.000000 0.000000 0.000000 0.000000 0.000000
0.000000 0.000000 0.000000 0.000000 0.000000
0.000000 0.000000 0.000000 0.000000 0.000000
0.000000 0.000000 0.000000 0.000000 0.000000
0.000000 0.000000 0.000000 0.000000 0.000000
0.000000 0.000000 0.000000 0.000000 0.000000
0.000000 0.000000 0.000000 0.000000 0.000000
0.000000 0.000000 0.000000 0.000000 0.000000
0.000000 0.000000 0.000000 0.000000 0.000000
0.000000 0.000000 0.000000 0.000000 0.000000
0.000000 0.000000 0.000000 0.000000 0.000000
0.000000 0.000000 0.000000 0.000000 0.000000
0.000000 0.000000 0.000000 0.000000 0.000000
0.000000 0.000000 0.000000 0.000000 0.000000
0.000000 0.000000 0.000000 0.000000 0.000000
0.000000 0.000000 0.000000 0.000000 0.000000
0.000000 0.000000 0.000000 0.000000 0.000000
0.000000 0.000000 0.000000 0.000000 0.000000
0.000000 0.000000 0.000000 0.000000 0.000000
0.000000 0.000000 0.000000 0.000000 0.000000
0.000000 0.000000 0.000000 0.000000 0.000000
0.000000 0.000000 0.000000 0.000000 0.000000
0.000000 0.000000 0.000000 0.000000 0.000000
0.000000 0.000000 0.000000 0.000000 0.000000
0.000000 0.000000 0.000000 0.000000 0.000000
0.000000 0.000000 0.000000 0.000000 0.000000
0.000000 0.000000 0.000000 0.000000 0.000000
0.000000 0.000000 0.000000 0.000000 0.000000
0.000000 0.000000 0.000000 0.000000 0.000000
0.000000 0.000000 0.000000 0.000000 0.000000
0.000000 0.000000 0.000000 0.000000 0.000000
0.000000 0.000000 0.000000 0.000000 0.000000
0.000000 0.000000 0.000000 0.000000 0.000000
0.000000 0.000000 0.000000 0.000000 0.000000
0.000000 0.000000 0.000000 0.000000 0.000000
0.000000 0.000000 0.000000 0.000000 0.000000
0.000000 0.000000 0.000000 0.000000 0.000000
0.000000 0.000000 0.000000 0.000000 0.000000
0.000000 0.000000 0.000000 0.000000 0.000000
0.000000 0.000000 0.000000 0.000000 0.000000
0.000000 0.000000 0.000000 0.000000 0.000000
0.000000 0.000000 0.000000 0.000000 0.000000
0.000000 0.000000 0.000000 0.000000 0.000000
0.000000 0.000000 0.000000 0.000000 0.000000
0.000000 0.000000 0.000000 0.000000 0.000000
0.000000 0.000000 0.000000 0.000000 0.000000
0.000000 0.000000 0.000000 0.000000 0.000000
0.000000 0.000000 0.000000 0.000000 0.000000
0.000000 0.000000 0.000000 0.000000 0.000000
0.000000 0.000000 0.000000 0.000000 0.000000
0.000000 0.000000 0.000000 0.000000 0.000000
0.000000 0.000000 0.000000 0.000000 0.000000
0.000000 0.000000 0.000000 0.000000 0.000000
0.000000 0.000000 0.000000 0.000000 0.000000
0.000000 0.000000 0.000000 0.000000 0.000000
0.000000 0.000000 0.000000 0.000000 0.000000
0.000000 0.000000 0.000000 0.000000 0.000000
0.000000 0.000000 0.000000 0.000000 0.000000
0.000000 0.000000 0.000000 0.000000 0.000000
0.000000 0.000000 0.000786 0.000000 0.000226
0.000476 0.000000 0.005701 0.000000 0.002142
0.000816 0.000000 0.006355 0.000000 0.002565
0.001060 0.000000 0.007702 0.000441 0.001884
0.000595 0.000000 0.003116 0.000906 0.000185
0.000036 0.000000 0.003147 0.001947 0.000000
0.000040 0.000000 0.003449 0.002134 0.000000
0.000007 0.000000 0.000622 0.000385 0.000000
0.000000 0.000000 0.000000 0.000000 0.000000
0.000000 0.000000 0.000000 0.000000 0.000000
0.000000 0.000000 0.000000 0.000000 0.000000
0.000000 0.000000 0.000000 0.000000 0.000000
0.000000 0.000000 0.000000 0.000000 0.000000
0.000000 0.000000 0.000000 0.000000 0.000000
0.000000 0.000000 0.000000 0.000000 0.000000
0.000000 0.000000 0.000000 0.000000 0.000000
0.000000 0.000000 0.000000 0.000000 0.000000
0.000000 0.000000 0.000000 0.000000 0.000000
0.000000 0.000000 0.000000 0.000000 0.000000
0.000000 0.000000 0.000000 0.000000 0.000000
0.000000 0.000000 0.000000 0.000000 0.000000
0.000000 0.000000 0.000000 0.000000 0.000000
0.000000 0.000000 0.000000 0.000000 0.000000
0.000495 0.000000 0.000639 0.000000 0.000274
0.001057 0.000000 0.003319 0.000000 0.000713
0.000474 0.000000 0.017707 0.000000 0.000486
0.000000 0.000000 0.026711 0.000000 0.000927
0.000000 0.000000 0.029647 0.000000 0.002320
0.000000 0.000000 0.042684 0.000000 0.006497
0.000000 0.007724 0.043992 0.000000 0.008187
0.000000 0.015014 0.038238 0.000000 0.017229
0.000001 0.009897 0.035637 0.000000 0.027569
0.000295 0.001270 0.026143 0.000000 0.038725
0.002178 0.000000 0.012602 0.000000 0.050919
0.006477 0.000000 0.000000 0.000000 0.063981
0.002845 0.000000 0.000000 0.000000 0.060638
0.002896 0.000000 0.000000 0.000000 0.040091
0.003531 0.000000 0.000000 0.000000 0.025893
0.000000 0.003482 0.000000 0.000000 0.007121
0.000000 0.000000 0.000000 0.000287 0.000602
0.000000 0.000000 0.000000 0.000000 0.000000
0.000000 0.000000 0.000000 0.000000 0.000000
0.000000 0.000000 0.000000 0.000000 0.000000
0.000000 0.000000 0.000000 0.000000 0.000000
0.000000 0.000000 0.000000 0.000000 0.000000
0.000000 0.000000 0.000000 0.000000 0.000000
0.000000 0.000000 0.000000 0.000000 0.000000
0.000000 0.000000 0.000000 0.000000 0.000000
0.000000 0.000000 0.000000 0.000000 0.000000
0.000000 0.000420 0.000114 0.000000 0.000035
0.000000 0.005577 0.002945 0.000000 0.001019
0.000634 0.004606 0.007665 0.000000 0.002589
0.000000 0.002259 0.015648 0.000000 0.002777
0.000000 0.001687 0.039840 0.000000 0.003938
0.000000 0.005112 0.053674 0.000000 0.005873
0.000000 0.012604 0.059011 0.000000 0.009774
0.000000 0.029037 0.070811 0.000000 0.017837
0.000000 0.035364 0.080044 0.000000 0.038360
0.000000 0.041693 0.092224 0.000000 0.057383
0.000000 0.029039 0.091217 0.000000 0.073719
0.000000 0.027587 0.076740 0.000000 0.092852
0.000000 0.026013 0.060634 0.000031 0.101993
0.000000 0.024252 0.023399 0.015794 0.104698
0.000000 0.023270 0.000000 0.025005 0.101350
0.000000 0.009825 0.000000 0.024827 0.090941
0.000000 0.005274 0.000000 0.015330 0.060590
0.000000 0.003863 0.000000 0.009720 0.031100
0.000000 0.001663 0.000000 0.002565 0.004992
0.000000 0.000000 0.000000 0.000000 0.000000
0.000000 0.000000 0.000000 0.000000 0.000000
0.000000 0.000000 0.000000 0.000000 0.000000
0.000000 0.000000 0.000000 0.000000 0.000000
0.000000 0.000000 0.000000 0.000000 0.000000
0.000000 0.000000 0.000000 0.000000 0.000000
0.000000 0.000000 0.000000 0.000000 0.000000
0.000000 0.000000 0.000000 0.000000 0.000000
0.000000 0.000000 0.000000 0.000000 0.000000
0.000000 0.010750 0.001019 0.000000 0.000000
0.001373 0.029383 0.008769 0.000000 0.000000
0.003085 0.036567 0.021066 0.000000 0.000000
0.001922 0.038780 0.032491 0.000000 0.000000
0.002698 0.036551 0.048844 0.000000 0.001649
0.000771 0.045617 0.067879 0.000000 0.003523
0.000873 0.060257 0.092387 0.000000 0.010955
0.000436 0.080051 0.105625 0.000000 0.033097
0.000000 0.085661 0.106985 0.000000 0.057300
0.000000 0.077954 0.113243 0.000000 0.074060
0.000000 0.071091 0.119416 0.004728 0.085784
0.000000 0.077610 0.108909 0.030504 0.083462
0.000000 0.087844 0.097259 0.054072 0.080571
0.000000 0.082246 0.070969 0.058766 0.090182
0.000000 0.061209 0.034177 0.054586 0.098687
0.000000 0.047064 0.000636 0.046224 0.099279
0.000000 0.040000 0.000000 0.039473 0.086730
0.000000 0.033512 0.000000 0.027208 0.050208
0.000000 0.012534 0.000000 0.013806 0.012579
0.000000 0.000661 0.000163 0.000528 0.000000
0.000000 0.000000 0.000000 0.000000 0.000000
0.000000 0.000000 0.000000 0.000000 0.000000
0.000000 0.000000 0.000000 0.000000 0.000000
0.000000 0.000000 0.000000 0.000000 0.000000
0.000000 0.000000 0.000000 0.000000 0.000000
0.000000 0.000000 0.000000 0.000000 0.000000
0.000000 0.000000 0.000000 0.000000 0.000000
0.000000 0.000000 0.000000 0.000000 0.000000
0.001499 0.018811 0.000396 0.000000 0.000000
0.014471 0.039454 0.007227 0.000000 0.000000
0.015178 0.040793 0.026753 0.000000 0.000000
0.023446 0.039256 0.040742 0.000000 0.000000
0.031221 0.034839 0.055755 0.000000 0.000000
0.038881 0.046901 0.065473 0.000000 0.009264
0.037327 0.069941 0.075442 0.000000 0.019951
0.039766 0.083512 0.078492 0.000000 0.043088
0.031493 0.087150 0.078901 0.000000 0.061491
0.019923 0.086826 0.078959 0.035039 0.056478
0.015927 0.089841 0.078843 0.066373 0.032341
0.008857 0.093151 0.093165 0.085208 0.014273
0.000000 0.093065 0.101280 0.091396 0.011472
0.000000 0.092807 0.089515 0.092245 0.031087
0.000000 0.088330 0.063932 0.089253 0.047537
0.000000 0.064508 0.023730 0.074427 0.083146
0.000000 0.047979 0.000000 0.054783 0.096289
0.000000 0.048561 0.000000 0.040268 0.064221
0.000000 0.024940 0.000000 0.028851 0.024058
0.000000 0.009764 0.000000 0.009259 0.000000
0.000000 0.000000 0.000000 0.000000 0.000000
0.000000 0.000000 0.000000 0.000000 0.000000
0.000000 0.000000 0.000000 0.000000 0.000000
0.000000 0.000000 0.000000 0.000000 0.000000
0.000000 0.000000 0.000000 0.000000 0.000000
0.000000 0.000000 0.000000 0.000000 0.000000
0.000000 0.000000 0.000000 0.000000 0.000000
0.000000 0.000000 0.000000 0.000000 0.000000
0.011451 0.015103 0.000000 0.000000 0.000000
0.035162 0.028363 0.005253 0.000000 0.000000
0.054983 0.027007 0.024974 0.000000 0.000000
0.064462 0.025352 0.031721 0.000000 0.000000
0.070037 0.020367 0.036955 0.000000 0.000000
0.077353 0.044395 0.038586 0.000000 0.000000
0.072230 0.070574 0.041199 0.000000 0.006916
0.071987 0.073501 0.031240 0.016560 0.011696
0.082342 0.063583 0.018624 0.044822 0.029170
0.093275 0.055721 0.016656 0.071312 0.018271
0.090949 0.045411 0.022651 0.088951 0.003889
0.098009 0.030395 0.039439 0.082584 0.000000
0.084190 0.041487 0.076280 0.079118 0.000000
0.051542 0.059465 0.092895 0.076049 0.000000
0.005710 0.069360 0.083211 0.079105 0.011647
0.000000 0.073604 0.038776 0.086494 0.049324
0.000000 0.060558 0.000203 0.059458 0.094271
0.000000 0.060455 0.000000 0.047754 0.071023
0.000000 0.043904 0.000000 0.034547 0.030330
0.000000 0.013788 0.000000 0.013681 0.000057
0.000000 0.000000 0.000000 0.000000 0.000000
0.000000 0.000000 0.000000 0.000000 0.000000
0.000000 0.000000 0.000000 0.000000 0.000000
0.000000 0.000000 0.000000 0.000000 0.000000
0.000000 0.000000 0.000000 0.000000 0.000000
0.000000 0.000000 0.000000 0.000000 0.000000
0.000000 0.000000 0.000000 0.000000 0.000000
0.000000 0.000000 0.000000 0.000000 0.000000
0.042418 0.020178 0.000000 0.000000 0.000000
0.056073 0.018407 0.007073 0.000000 0.000000
0.071310 0.012246 0.014707 0.000000 0.000000
0.086120 0.008082 0.016527 0.000000 0.000000
0.103030 0.002054 0.012229 0.000000 0.000000
0.105871 0.033332 0.009817 0.010587 0.000000
0.110653 0.044824 0.006157 0.022476 0.000000
0.119261 0.045502 0.000000 0.042604 0.000000
0.123021 0.034375 0.000000 0.053036 0.008413
0.120438 0.026740 0.000000 0.055072 0.001765
0.139603 0.001048 0.002395 0.040374 0.005806
0.146500 0.000000 0.021929 0.021419 0.008701
0.126436 0.000000 0.063719 0.027675 0.000000
0.084226 0.008019 0.100745 0.046534 0.000000
0.049264 0.032383 0.080989 0.073919 0.006446
0.012102 0.049884 0.039219 0.075834 0.041626
0.000000 0.073441 0.000000 0.063759 0.085172
0.000000 0.085793 0.000000 0.042746 0.069682
0.000000 0.053156 0.000000 0.031842 0.029441
0.000000 0.015850 0.000000 0.014057 0.000468
0.000000 0.000000 0.000000 0.000000 0.000000
0.000000 0.000000 0.000000 0.000000 0.000000
0.000000 0.000000 0.000000 0.000000 0.000000
0.000000 0.000000 0.000000 0.000000 0.000000
0.000000 0.000000 0.000000 0.000000 0.000000
0.000000 0.000000 0.000000 0.000000 0.000000
0.000000 0.000000 0.000000 0.000000 0.000000
0.000000 0.000000 0.000000 0.000000 0.000000
0.039238 0.014037 0.000000 0.000000 0.000000
0.061018 0.012875 0.003696 0.000000 0.000000
0.094456 0.000000 0.000000 0.000000 0.000000
0.095165 0.000000 0.000000 0.000000 0.000000
0.102594 0.000000 0.000000 0.001469 0.000000
0.104593 0.018431 0.000000 0.017236 0.000000
0.108498 0.027754 0.000000 0.029896 0.000000
0.111850 0.032620 0.000000 0.027496 0.000000
0.100084 0.030166 0.000000 0.024114 0.000000
0.101821 0.021675 0.000000 0.013819 0.001865
0.108883 0.000000 0.001301 0.000000 0.012843
0.114035 0.000000 0.034782 0.000000 0.011534
0.105298 0.000000 0.075763 0.000000 0.000802
0.088312 0.000000 0.107917 0.039387 0.000000
0.049031 0.021146 0.079627 0.066539 0.012692
0.042701 0.043416 0.026559 0.057502 0.058466
0.000000 0.082268 0.000000 0.060931 0.082784
0.000000 0.092229 0.000000 0.034095 0.072418
0.000000 0.060532 0.000000 0.026054 0.022861
0.000000 0.016373 0.000000 0.013776 0.000000
0.000000 0.000000 0.000000 0.000000 0.000000
0.000000 0.000000 0.000000 0.000000 0.000000
0.000000 0.000000 0.000000 0.000000 0.000000
0.000000 0.000000 0.000000 0.000000 0.000000
0.000000 0.000000 0.000000 0.000000 0.000000
0.000000 0.000000 0.000000 0.000000 0.000000
0.000000 0.000000 0.000000 0.000000 0.000000
0.000000 0.000000 0.000000 0.000000 0.000000
0.026235 0.008250 0.000000 0.000000 0.000000
0.057725 0.000113 0.000000 0.000000 0.002338
0.079156 0.000000 0.000000 0.000000 0.000650
0.074085 0.000000 0.000000 0.002564 0.000000
0.067498 0.002965 0.000000 0.001374 0.000000
0.056505 0.005504 0.000000 0.008778 0.000000
0.053568 0.005867 0.000000 0.020042 0.000000
0.038666 0.009260 0.000000 0.019277 0.000000
0.027902 0.000000 0.000000 0.007188 0.005112
0.043437 0.000000 0.000000 0.000000 0.007841
0.057958 0.000000 0.011132 0.000000 0.009282
0.081728 0.000000 0.054832 0.000000 0.006863
0.071456 0.000000 0.108197 0.026281 0.000000
0.083239 0.000000 0.111504 0.048427 0.000000
0.068007 0.003418 0.061945 0.060995 0.036398
0.053605 0.049782 0.009138 0.047577 0.080745
0.000000 0.102427 0.000000 0.044847 0.084685
0.000000 0.106971 0.000000 0.028277 0.058702
0.000000 0.058205 0.000000 0.022914 0.014371
0.000000 0.008566 0.000000 0.007930 0.000000
0.000000 0.000000 0.000000 0.000000 0.000000
0.000000 0.000000 0.000000 0.000000 0.000000
0.000000 0.000000 0.000000 0.000000 0.000000
0.000000 0.000000 0.000000 0.000000 0.000000
0.000000 0.000000 0.000000 0.000000 0.000000
0.000000 0.000000 0.000000 0.000000 0.000000
0.000000 0.000000 0.000000 0.000000 0.000000
0.000000 0.000000 0.000000 0.000000 0.000000
0.006893 0.001742 0.000000 0.000000 0.000000
0.034648 0.000000 0.000000 0.000000 0.002877
0.038198 0.000000 0.000000 0.000000 0.002920
0.035932 0.000000 0.000000 0.000000 0.002134
0.019158 0.008849 0.000000 0.000000 0.000000
0.011823 0.012793 0.000000 0.000000 0.000000
0.012168 0.004524 0.000390 0.000000 0.000563
0.009576 0.000000 0.004279 0.000000 0.002696
0.011317 0.000000 0.009340 0.000000 0.003934
0.024346 0.000000 0.013313 0.000000 0.002789
0.031394 0.000000 0.035686 0.003262 0.000000
0.045900 0.000000 0.095057 0.021067 0.000000
0.051879 0.000000 0.125744 0.055730 0.000000
0.081321 0.000000 0.094569 0.067529 0.015565
0.078640 0.000000 0.026426 0.057614 0.066388
0.037918 0.078988 0.000000 0.047307 0.087272
0.003561 0.126164 0.000000 0.034077 0.075743
0.000000 0.114971 0.000000 0.022808 0.041040
0.000000 0.045585 0.000000 0.009856 0.005245
0.000000 0.002072 0.000000 0.003559 0.000000
0.000000 0.000000 0.000000 0.000000 0.000000
0.000000 0.000000 0.000000 0.000000 0.000000
0.000000 0.000000 0.000000 0.000000 0.000000
0.000000 0.000000 0.000000 0.000000 0.000000
0.000000 0.000000 0.000000 0.000000 0.000000
0.000000 0.000000 0.000000 0.000000 0.000000
0.000000 0.000000 0.000000 0.000000 0.000000
0.000000 0.000000 0.000000 0.000000 0.000000
0.000000 0.000000 0.000000 0.000000 0.000000
0.022152 0.000000 0.000000 0.000000 0.003220
0.016353 0.000000 0.000000 0.000000 0.001844
0.009068 0.000586 0.000000 0.000000 0.000549
0.008581 0.005318 0.000000 0.000000 0.000000
0.011906 0.001258 0.000473 0.000000 0.002592
0.008801 0.000000 0.002470 0.000000 0.005061
0.009013 0.000000 0.004005 0.000000 0.005205
0.022525 0.000000 0.005496 0.001665 0.005124
0.026140 0.000000 0.027176 0.009971 0.000000
0.024430 0.000000 0.086464 0.029559 0.000000
0.032016 0.000000 0.120125 0.058172 0.000000
0.048023 0.000000 0.117659 0.073705 0.001560
0.089113 0.000000 0.055119 0.062689 0.054205
0.070085 0.000000 0.000380 0.051642 0.091125
0.034867 0.088927 0.000000 0.038697 0.095524
0.000000 0.142526 0.000000 0.021760 0.064716
0.000000 0.105215 0.000000 0.014231 0.021441
0.000000 0.020973 0.000000 0.004591 0.001250
0.000000 0.000794 0.000000 0.000671 0.000028
0.000000 0.000000 0.000000 0.000000 0.000000
0.000000 0.000000 0.000000 0.000000 0.000000
0.000000 0.000000 0.000000 0.000000 0.000000
0.000000 0.000000 0.000000 0.000000 0.000000
0.000000 0.000000 0.000000 0.000000 0.000000
0.000000 0.000000 0.000000 0.000000 0.000000
0.000000 0.000000 0.000000 0.000000 0.000000
0.000000 0.000000 0.000000 0.000000 0.000000
0.000000 0.000000 0.000000 0.000000 0.000000
0.007144 0.000000 0.000000 0.000000 0.000656
0.010783 0.000000 0.000000 0.000000 0.000973
0.008056 0.005316 0.000000 0.000000 0.000961
0.008419 0.009417 0.000000 0.000000 0.003766
0.016478 0.000000 0.003786 0.000000 0.016740
0.017081 0.000000 0.004347 0.004002 0.017173
0.016109 0.000000 0.002453 0.025260 0.016261
0.016477 0.000000 0.010173 0.038374 0.011472
0.013283 0.000000 0.053748 0.059506 0.000913
0.011400 0.000000 0.104455 0.091049 0.000000
0.023220 0.000000 0.115233 0.106263 0.000000
0.042149 0.000000 0.075436 0.092147 0.045483
0.066393 0.000000 0.020512 0.057519 0.089099
0.057949 0.043274 0.000000 0.045171 0.101261
0.013476 0.118549 0.000000 0.029395 0.089015
0.000000 0.150565 0.000000 0.010734 0.033772
0.000000 0.081062 0.000000 0.002225 0.004255
0.000000 0.009219 0.003948 0.003805 0.000000
0.000000 0.003052 0.000806 0.000000 0.000252
0.000000 0.000000 0.000000 0.000000 0.000000
0.000000 0.000000 0.000000 0.000000 0.000000
0.000000 0.000000 0.000000 0.000000 0.000000
0.000000 0.000000 0.000000 0.000000 0.000000
0.000000 0.000000 0.000000 0.000000 0.000000
0.000000 0.000000 0.000000 0.000000 0.000000
0.000000 0.000000 0.000000 0.000000 0.000000
0.000000 0.000000 0.000000 0.000000 0.000000
0.000000 0.000000 0.000000 0.000000 0.000000
0.000000 0.000000 0.000000 0.000000 0.000000
0.000000 0.004517 0.000000 0.000000 0.002081
0.010668 0.000000 0.000000 0.000000 0.020568
0.021179 0.000000 0.000000 0.006584 0.048017
0.017727 0.000000 0.000000 0.025755 0.064096
0.017060 0.000000 0.000000 0.052545 0.049357
0.000858 0.000000 0.007141 0.078593 0.045410
0.000000 0.000000 0.036793 0.102273 0.032485
0.000386 0.000000 0.081760 0.123092 0.020830
0.000000 0.000000 0.099796 0.137182 0.010241
0.002042 0.000000 0.078238 0.121044 0.036807
0.015580 0.000000 0.024664 0.094235 0.080353
0.045145 0.032925 0.000000 0.058321 0.101766
0.026946 0.093543 0.000000 0.041157 0.098219
0.000000 0.136952 0.000000 0.031663 0.054411
0.000000 0.135064 0.000000 0.017027 0.005761
0.000000 0.033366 0.000000 0.013787 0.001673
0.000000 0.003777 0.004118 0.005051 0.000000
0.000000 0.002493 0.000100 0.002126 0.000000
0.000192 0.003280 0.000134 0.000341 0.000000
0.000516 0.000952 0.000000 0.000164 0.000000
0.000331 0.000000 0.000000 0.000041 0.000000
0.000000 0.000000 0.000000 0.000000 0.000000
0.000000 0.000000 0.000000 0.000000 0.000000
0.000000 0.000000 0.000000 0.000000 0.000000
0.000000 0.000000 0.000000 0.000000 0.000000
0.000000 0.000000 0.000000 0.000000 0.000000
0.000000 0.000000 0.000000 0.001423 0.000983
0.000000 0.000000 0.000000 0.003695 0.008324
0.000000 0.000000 0.000000 0.008786 0.027866
0.012929 0.000000 0.000000 0.017938 0.067595
0.022838 0.000000 0.000000 0.038465 0.084197
0.011313 0.000000 0.000294 0.064278 0.080435
0.000000 0.023794 0.010195 0.099191 0.066716
0.000000 0.029024 0.029027 0.121670 0.056440
0.000000 0.011792 0.066551 0.136256 0.054946
0.000000 0.010948 0.088080 0.131290 0.056466
0.000000 0.011601 0.076907 0.119264 0.063824
0.018708 0.012295 0.029463 0.097485 0.081059
0.024357 0.038379 0.000000 0.075923 0.093667
0.030634 0.081287 0.000000 0.056931 0.101233
0.017581 0.125538 0.000000 0.047161 0.073504
0.000000 0.142844 0.000000 0.050611 0.016240
0.000000 0.095776 0.000000 0.046010 0.000000
0.000000 0.025422 0.000000 0.033118 0.000000
0.000000 0.015820 0.000836 0.022409 0.000000
0.000000 0.012009 0.000000 0.015159 0.000000
0.005224 0.005530 0.000000 0.001271 0.000000
0.006281 0.003182 0.000000 0.001197 0.000000
0.005545 0.000000 0.000000 0.000695 0.000000
0.000000 0.000000 0.000000 0.000000 0.000000
0.000000 0.000000 0.000000 0.000000 0.000000
0.000000 0.000000 0.000000 0.000000 0.000000
0.000000 0.000000 0.000000 0.000000 0.000000
0.000000 0.000000 0.000000 0.000870 0.000269
0.001078 0.000000 0.000000 0.000683 0.011110
0.000000 0.000000 0.000000 0.009956 0.035711
0.000000 0.000000 0.000000 0.030342 0.068572
0.001084 0.000000 0.000184 0.061800 0.081396
0.000000 0.006438 0.003571 0.095978 0.071911
0.000000 0.035785 0.018532 0.120570 0.053933
0.000000 0.049440 0.041064 0.127137 0.026858
0.000000 0.051505 0.082784 0.126093 0.022402
0.000000 0.043641 0.103954 0.099108 0.045637
0.010283 0.026488 0.092234 0.068192 0.077624
0.033870 0.031293 0.038592 0.057221 0.094929
0.046510 0.035741 0.000000 0.060014 0.104638
0.054489 0.068546 0.000000 0.053162 0.104897
0.049087 0.094451 0.000000 0.049125 0.098484
0.027227 0.131971 0.000000 0.055981 0.047909
0.012597 0.109938 0.000000 0.079946 0.000000
0.013345 0.060495 0.000000 0.077573 0.000000
0.012408 0.037411 0.000000 0.061986 0.000000
0.027278 0.007607 0.000000 0.048627 0.000000
0.029282 0.000000 0.000000 0.032165 0.000000
0.027594 0.000000 0.000000 0.026256 0.000000
0.017358 0.000000 0.000000 0.004926 0.000000
0.002823 0.000000 0.000000 0.000354 0.000000
0.000000 0.000000 0.000000 0.000000 0.000000
0.000000 0.000000 0.000000 0.000000 0.000000
0.000000 0.000000 0.000000 0.000000 0.000000
0.000000 0.000000 0.000000 0.000000 0.000000
0.000000 0.000000 0.000000 0.002005 0.006229
0.001802 0.000000 0.000000 0.001425 0.031599
0.000000 0.000000 0.000000 0.035803 0.068129
0.000000 0.000000 0.000000 0.081806 0.076179
0.000000 0.015188 0.006215 0.113382 0.059304
0.000000 0.057450 0.017520 0.126639 0.028322
0.000000 0.064429 0.042144 0.121901 0.007735
0.000000 0.040761 0.081423 0.116937 0.000000
0.016003 0.016062 0.112312 0.089020 0.012063
0.044292 0.009661 0.098722 0.053136 0.055641
0.061607 0.030909 0.061936 0.031485 0.093178
0.070817 0.061274 0.000000 0.029470 0.111449
0.072087 0.074520 0.000000 0.027925 0.112842
0.072918 0.090120 0.000000 0.020149 0.100385
0.061733 0.098934 0.000000 0.022414 0.087877
0.048996 0.078473 0.000000 0.050566 0.051961
0.055849 0.034482 0.000000 0.089755 0.010246
0.062468 0.003767 0.000000 0.100515 0.000000
0.063740 0.000000 0.000000 0.093693 0.000000
0.080770 0.000000 0.001229 0.063605 0.000000
0.078531 0.000000 0.004532 0.051738 0.000000
0.059089 0.000000 0.004488 0.029066 0.000000
0.025855 0.000000 0.001627 0.013428 0.000000
0.000000 0.000000 0.000000 0.000000 0.000000
0.000000 0.000000 0.000000 0.000000 0.000000
0.000000 0.000000 0.000000 0.000000 0.000000
0.000000 0.000000 0.000000 0.000000 0.000000
0.000000 0.000000 0.000000 0.000000 0.000000
0.000000 0.000000 0.000000 0.002927 0.013435
0.000000 0.000000 0.000000 0.015298 0.056715
0.000000 0.000495 0.000000 0.068689 0.082303
0.000000 0.021880 0.002780 0.118933 0.060773
0.000000 0.043326 0.029519 0.134051 0.035918
0.000000 0.046767 0.043171 0.122216 0.011072
0.014100 0.015358 0.078565 0.092362 0.022233
0.030413 0.000000 0.095843 0.078479 0.032198
0.066314 0.000000 0.091218 0.059794 0.061264
0.114893 0.000000 0.070234 0.035983 0.101672
0.125018 0.000118 0.024965 0.032580 0.117768
0.119200 0.043494 0.000000 0.023430 0.111993
0.122249 0.075907 0.000000 0.000000 0.098093
0.111656 0.083323 0.000000 0.000000 0.088331
0.110373 0.046497 0.000000 0.000000 0.090597
0.106463 0.005465 0.001938 0.003882 0.082235
0.104319 0.000000 0.017581 0.032718 0.040802
0.097488 0.000000 0.036349 0.057685 0.009779
0.086179 0.000000 0.045722 0.058725 0.000000
0.084474 0.000000 0.030171 0.042290 0.000000
0.082387 0.000000 0.018520 0.019216 0.000000
0.043286 0.000000 0.018630 0.014365 0.000000
0.009120 0.000000 0.006704 0.000343 0.000000
0.000000 0.000000 0.000000 0.000000 0.000000
0.000000 0.000000 0.000000 0.000000 0.000000
0.000000 0.000000 0.000000 0.000000 0.000000
0.000000 0.000000 0.000000 0.000000 0.000000
0.000000 0.000000 0.000000 0.001890 0.000680
0.000000 0.000000 0.000000 0.008189 0.029704
0.000000 0.002229 0.000000 0.034565 0.072783
0.000000 0.023209 0.000000 0.089092 0.084605
0.000000 0.045570 0.023292 0.131033 0.058675
0.000000 0.046665 0.045125 0.128571 0.038635
0.013226 0.000000 0.060437 0.108729 0.046477
0.045068 0.000000 0.082189 0.087423 0.059555
0.069198 0.000000 0.085356 0.067637 0.083115
0.110801 0.000000 0.076268 0.040530 0.102261
0.136757 0.000000 0.059534 0.021271 0.114805
0.129999 0.030808 0.048454 0.011269 0.103009
0.129155 0.083117 0.053543 0.000000 0.063231
0.113721 0.090645 0.050722 0.000000 0.053581
0.109899 0.046885 0.056054 0.000000 0.075466
0.102869 0.005767 0.061722 0.000000 0.096204
0.109925 0.000000 0.058774 0.000000 0.100195
0.102451 0.000000 0.066217 0.000000 0.066671
0.078173 0.000000 0.076994 0.004638 0.024876
0.068040 0.002443 0.071960 0.006600 0.005476
0.055557 0.010215 0.052792 0.000252 0.000000
0.026614 0.000000 0.040471 0.005798 0.000000
0.000718 0.000000 0.026284 0.002092 0.000000
0.000000 0.000000 0.009900 0.000000 0.000725
0.000000 0.000000 0.000000 0.000000 0.000000
0.000000 0.000000 0.000000 0.000000 0.000000
0.000000 0.000000 0.000000 0.000000 0.000000
0.000000 0.000000 0.000000 0.000000 0.000000
0.000000 0.000000 0.000000 0.005715 0.002055
0.000000 0.000373 0.000000 0.011404 0.033294
0.000000 0.018083 0.000000 0.037914 0.071012
0.000000 0.040154 0.000000 0.069861 0.091797
0.000000 0.050125 0.015732 0.093553 0.089771
0.002662 0.036858 0.033851 0.078885 0.091047
0.026587 0.000000 0.048780 0.067410 0.098047
0.053223 0.000000 0.073774 0.049531 0.103740
0.071415 0.016724 0.083889 0.024463 0.106786
0.098913 0.049465 0.082833 0.007769 0.099422
0.109389 0.077178 0.084731 0.000000 0.074575
0.104186 0.109657 0.095130 0.000000 0.037309
0.088489 0.119970 0.102612 0.000000 0.014084
0.076829 0.076169 0.112314 0.000000 0.012545
0.065797 0.029058 0.115005 0.000000 0.042132
0.055161 0.000000 0.106071 0.000000 0.070462
0.054505 0.000000 0.099308 0.000000 0.089429
0.039553 0.000000 0.104467 0.000000 0.074419
0.023041 0.000000 0.092958 0.000000 0.051237
0.009234 0.000000 0.071366 0.000000 0.016110
0.005650 0.000000 0.062889 0.000000 0.007292
0.004111 0.000000 0.048728 0.000000 0.001428
0.001554 0.000000 0.028843 0.000000 0.000000
0.000000 0.000000 0.012969 0.000000 0.000000
0.000000 0.000000 0.000000 0.000000 0.000000
0.000000 0.000000 0.000000 0.000000 0.000000
0.000000 0.000000 0.000000 0.000000 0.000000
0.000000 0.000000 0.000000 0.000000 0.000000
0.000000 0.000000 0.000000 0.004073 0.001464
0.000000 0.003472 0.000000 0.015047 0.018301
0.000000 0.023124 0.000000 0.026841 0.059070
0.000000 0.058055 0.000000 0.050247 0.082127
0.000000 0.071746 0.000000 0.051621 0.095302
0.000000 0.089815 0.023969 0.039076 0.098315
0.000000 0.082919 0.040462 0.025889 0.097944
0.013987 0.083440 0.065564 0.017514 0.094208
0.042436 0.107014 0.082203 0.000000 0.069320
0.062340 0.126604 0.097856 0.000000 0.041886
0.063475 0.137527 0.106094 0.000000 0.014789
0.062663 0.125396 0.105107 0.000000 0.001438
0.050922 0.094515 0.106955 0.000000 0.000000
0.036520 0.055868 0.112068 0.000000 0.000000
0.024322 0.032976 0.110002 0.000000 0.007567
0.018866 0.016958 0.102223 0.000000 0.036081
0.004645 0.004762 0.088989 0.000000 0.059317
0.002902 0.000000 0.073733 0.000000 0.058816
0.002644 0.000000 0.063627 0.000000 0.051412
0.005824 0.000000 0.046959 0.000000 0.018674
0.006315 0.000000 0.044282 0.000000 0.013996
0.008205 0.000000 0.034011 0.000000 0.004557
0.000000 0.004640 0.020447 0.000000 0.000000
0.000000 0.000000 0.004416 0.000006 0.000000
0.000000 0.000000 0.000000 0.000000 0.000000
0.000000 0.000000 0.000000 0.000000 0.000000
0.000000 0.000000 0.000000 0.000000 0.000000
0.000000 0.000000 0.000000 0.000000 0.000000
0.000000 0.000000 0.000000 0.000000 0.000000
0.000000 0.007480 0.000000 0.004233 0.002629
0.000000 0.034057 0.000000 0.017611 0.015999
0.000000 0.067176 0.000000 0.029841 0.039179
0.000000 0.075931 0.000000 0.029538 0.054428
0.000000 0.093699 0.001555 0.020766 0.062715
0.000000 0.133552 0.020092 0.008182 0.051672
0.000000 0.148941 0.045733 0.000000 0.033859
0.002435 0.159141 0.071641 0.000000 0.012066
0.009761 0.144217 0.076739 0.000000 0.000000
0.015106 0.120790 0.074385 0.000000 0.000000
0.008677 0.089965 0.066513 0.000000 0.000000
0.006006 0.069057 0.062609 0.000000 0.000000
0.004343 0.053372 0.062616 0.000000 0.000000
0.015889 0.053329 0.051163 0.000000 0.000000
0.011062 0.040647 0.042234 0.000000 0.011927
0.010974 0.022697 0.034988 0.000000 0.031873
0.010524 0.015501 0.031239 0.000000 0.034496
0.005790 0.022855 0.023611 0.000000 0.020018
0.004003 0.018727 0.017208 0.000000 0.010935
0.007886 0.019400 0.013519 0.000000 0.005024
0.001125 0.015480 0.008464 0.000000 0.000000
0.000000 0.004861 0.003761 0.000000 0.000829
0.000000 0.000000 0.000000 0.000000 0.000000
0.000000 0.000000 0.000000 0.000000 0.000000
0.000000 0.000000 0.000000 0.000000 0.000000
0.000000 0.000000 0.000000 0.000000 0.000000
0.000000 0.000000 0.000000 0.000000 0.000000
0.000000 0.000000 0.000000 0.000000 0.000000
0.000000 0.000935 0.000000 0.001895 0.000819
0.000000 0.016277 0.000000 0.009635 0.000000
0.000000 0.036462 0.000000 0.021073 0.000000
0.000000 0.054362 0.000000 0.028893 0.000000
0.000000 0.071165 0.000000 0.028188 0.000000
0.000000 0.076906 0.005827 0.015615 0.000000
0.000000 0.073449 0.021458 0.001684 0.000000
0.003283 0.077081 0.025564 0.000000 0.000000
0.005221 0.071857 0.027763 0.000000 0.000000
0.006093 0.058630 0.028666 0.000000 0.000000
0.012464 0.045864 0.022008 0.000000 0.000000
0.015604 0.039729 0.014288 0.000000 0.000000
0.014642 0.039944 0.010278 0.000000 0.000000
0.014804 0.038295 0.006669 0.000000 0.000133
0.014306 0.034216 0.005233 0.000000 0.004240
0.014576 0.030342 0.004975 0.000000 0.005134
0.009950 0.032286 0.006094 0.000000 0.000000
0.006741 0.029137 0.004043 0.000000 0.000000
0.006616 0.022968 0.001317 0.000000 0.000000
0.004321 0.022568 0.000649 0.000000 0.000000
0.005311 0.024679 0.000452 0.000000 0.000000
0.000000 0.000764 0.000451 0.000000 0.000152
0.000000 0.000000 0.000000 0.000000 0.000000
0.000000 0.000000 0.000000 0.000000 0.000000
0.000000 0.000000 0.000000 0.000000 0.000000
0.000000 0.000000 0.000000 0.000000 0.000000
0.000000 0.000000 0.000000 0.000000 0.000000
0.000000 0.000000 0.000000 0.000000 0.000000
0.000000 0.000813 0.000000 0.000489 0.000446
0.000000 0.004361 0.000000 0.002275 0.000711
0.000000 0.012410 0.000000 0.005534 0.000000
0.000000 0.012545 0.000000 0.007183 0.000000
0.000561 0.013862 0.000612 0.006615 0.000000
0.000000 0.020197 0.001937 0.003868 0.000000
0.000000 0.019680 0.001044 0.003677 0.000000
0.007184 0.018076 0.000000 0.000000 0.000000
0.008377 0.010475 0.000000 0.000000 0.000000
0.015011 0.014299 0.000000 0.000000 0.000000
0.016610 0.017141 0.000000 0.000000 0.000000
0.002203 0.011067 0.002641 0.000000 0.000000
0.003924 0.014963 0.003301 0.000000 0.000000
0.006908 0.018907 0.001816 0.000000 0.000000
0.013709 0.019035 0.000000 0.000000 0.000000
0.016154 0.015379 0.000000 0.000000 0.000000
0.015221 0.011601 0.000000 0.000000 0.000000
0.007917 0.005300 0.000000 0.000000 0.000000
0.004093 0.003708 0.000164 0.000000 0.000000
0.000617 0.001126 0.000000 0.000000 0.000000
0.002778 0.005068 0.000000 0.000000 0.000000
0.000000 0.000000 0.000000 0.000000 0.000000
0.000000 0.000000 0.000000 0.000000 0.000000
0.000000 0.000000 0.000000 0.000000 0.000000
0.000000 0.000000 0.000000 0.000000 0.000000
0.000000 0.000000 0.000000 0.000000 0.000000
0.000000 0.000000 0.000000 0.000000 0.000000
0.000000 0.000000 0.000000 0.000000 0.000000
0.000000 0.000000 0.000000 0.000000 0.000000
0.000000 0.000000 0.000000 0.000000 0.000000
0.000000 0.000000 0.000000 0.000000 0.000000
0.000000 0.000000 0.000000 0.000000 0.000000
0.000000 0.000000 0.000000 0.000000 0.000000
0.000000 0.000000 0.000000 0.000000 0.000000
0.000000 0.000000 0.000000 0.000000 0.000000
0.000000 0.000000 0.000000 0.000000 0.000000
0.000000 0.000000 0.000000 0.000000 0.000000
0.000000 0.000000 0.000000 0.000000 0.000000
0.000000 0.000000 0.000000 0.000000 0.000000
0.000000 0.000000 0.000000 0.000000 0.000000
0.000000 0.000000 0.000000 0.000000 0.000000
0.000000 0.000000 0.000000 0.000000 0.000000
0.001029 0.000272 0.000000 0.000000 0.000032
0.007271 0.001921 0.000000 0.000000 0.000226
0.008399 0.002220 0.000000 0.000000 0.000261
0.003685 0.000974 0.000000 0.000000 0.000115
0.000000 0.000000 0.000000 0.000000 0.000000
0.000000 0.000000 0.000000 0.000000 0.000000
0.000000 0.000000 0.000000 0.000000 0.000000
0.000000 0.000000 0.000000 0.000000 0.000000
0.000000 0.000000 0.000000 0.000000 0.000000
0.000000 0.000000 0.000000 0.000000 0.000000
0.000000 0.000000 0.000000 0.000000 0.000000
0.000000 0.000000 0.000000 0.000000 0.000000
0.000000 0.000000 0.000000 0.000000 0.000000
0.000000 0.000000 0.000000 0.000000 0.000000
0.000000 0.000000 0.000000 0.000000 0.000000
0.000000 0.000000 0.000000 0.000000 0.000000
0.000000 0.000000 0.000000 0.000000 0.000000
0.000000 0.000000 0.000000 0.000000 0.000000
0.000000 0.000000 0.000000 0.000000 0.000000
0.000000 0.000000 0.000000 0.000000 0.000000
0.000000 0.000000 0.000000 0.000000 0.000000
0.000000 0.000000 0.000000 0.000000 0.000000
0.000000 0.000000 0.000000 0.000000 0.000000
0.000000 0.000000 0.000000 0.000000 0.000000
0.000000 0.000000 0.000000 0.000000 0.000000
0.000000 0.000000 0.000000 0.000000 0.000000
0.000000 0.000000 0.000000 0.000000 0.000000
0.000000 0.000000 0.000000 0.000000 0.000000
0.000000 0.000000 0.000000 0.000000 0.000000
0.000000 0.000000 0.000000 0.000000 0.000000
0.000000 0.000000 0.000000 0.000000 0.000000
0.000000 0.000000 0.000000 0.000000 0.000000
0.000000 0.000000 0.000000 0.000000 0.000000
0.000000 0.000000 0.000000 0.000000 0.000000
0.000000 0.000000 0.000000 0.000000 0.000000
0.000000 0.000000 0.000000 0.000000 0.000000
0.000000 0.000000 0.000000 0.000000 0.000000
0.000000 0.000000 0.000000 0.000000 0.000000
0.000000 0.000000 0.000000 0.000000 0.000000
0.000000 0.000000 0.000000 0.000000 0.000000
0.000000 0.000000 0.000000 0.000000 0.000000
0.000000 0.000000 0.000000 0.000000 0.000000
0.000000 0.000000 0.000000 0.000000 0.000000
0.000000 0.000000 0.000000 0.000000 0.000000
0.000000 0.000000 0.000000 0.000000 0.000000
0.000000 0.000000 0.000000 0.000000 0.000000
0.000000 0.000000 0.000000 0.000000 0.000000
0.000000 0.000000 0.000000 0.000000 0.000000
0.000000 0.000000 0.000000 0.000000 0.000000
0.000000 0.000000 0.000000 0.000000 0.000000
0.000000 0.000000 0.000000 0.000000 0.000000
0.000000 0.000000 0.000000 0.000000 0.000000
0.000000 0.000000 0.000000 0.000000 0.000000
0.000000 0.000000 0.000000 0.000000 0.000000
0.000000 0.000000 0.000000 0.000000 0.000000
0.000000 0.000000 0.000000 0.000000 0.000000
0.000000 0.000000 0.000000 0.000000 0.000000
0.000000 0.000000 0.000000 0.000000 0.000000
0.000000 0.000000 0.000000 0.000000 0.000000
0.000000 0.000000 0.000000 0.000000 0.000000
0.000000 0.000000 0.000000 0.000000 0.000000
0.000000 0.000000 0.000000 0.000000 0.000000
0.000000 0.000000 0.000000 0.000000 0.000000
0.000000 0.000000 0.000000 0.000000 0.000000
0.000000 0.000000 0.000000 0.000000 0.000000
0.000000 0.000000 0.000000 0.000000 0.000000
0.000000 0.000000 0.000000 0.000000 0.000000
