0.000000 0.000000 0.000000 0.000000 0.000000
0.000000 0.000000 0.000000 0.000000 0.000000
0.000000 0.000000 0.000000 0.000000 0.000000
0.000000 0.000000 0.000000 0.000000 0.000000
0.000000 0.000000 0.000000 0.000000 0.000000
0.000000 0.000000 0.000000 0.000000 0.000000
0.000000 0.000000 0.000000 0.000000 0.000000
0.000000 0.000000 0.000000 0.000000 0.000000
0.000000 0.000000 0.000000 0.000000 0.000000
0.000000 0.000000 0.000000 0.000000 0.000000
0.000000 0.000000 0.000000 0.000000 0.000000
0.000000 0.000000 0.000000 0.000000 0.000000
0.000000 0.000000 0.000000 0.000000 0.000000
0.000000 0.000000 0.000000 0.000000 0.000000
0.000000 0.000000 0.000000 0.000000 0.000000
0.000000 0.000000 0.000000 0.000000 0.000000
0.000000 0.000000 0.000000 0.000000 0.000000
0.000000 0.000000 0.000000 0.000000 0.000000
0.000000 0.000000 0.000000 0.000000 0.000000
0.000000 0.000000 0.000000 0.000000 0.000000
0.000000 0.000000 0.000000 0.000000 0.000000
0.000000 0.000000 0.000000 0.000000 0.000000
0.000000 0.000000 0.000000 0.000000 0.000000
0.000000 0.000000 0.000000 0.000000 0.000000
0.000000 0.000000 0.000000 0.000000 0.000000
0.000000 0.000000 0.000000 0.000000 0.000000
0.000000 0.000000 0.000000 0.000000 0.000000
0.000000 0.000000 0.000000 0.000000 0.000000
0.000000 0.000000 0.000000 0.000000 0.000000
0.000000 0.000000 0.000000 0.000000 0.000000
0.000000 0.000000 0.000000 0.000000 0.000000
0.000000 0.000000 0.000000 0.000000 0.000000
0.000000 0.000000 0.000000 0.000000 0.000000
0.000000 0.000000 0.000000 0.000000 0.000000
0.000000 0.000000 0.000000 0.000000 0.000000
0.000000 0.000000 0.000000 0.000000 0.000000
0.000000 0.000000 0.000000 0.000000 0.000000
0.000000 0.000000 0.000000 0.000000 0.000000
0.000000 0.000000 0.000000 0.000000 0.000000
0.000000 0.000000 0.000000 0.000000 0.000000
0.000000 0.000000 0.000000 0.000000 0.000000
0.000000 0.000000 0.000000 0.000000 0.000000
0.000000 0.000000 0.000000 0.000000 0.000000
0.000000 0.000000 0.000000 0.000000 0.000000
0.000000 0.000000 0.000000 0.000000 0.000000
0.000000 0.000000 0.000000 0.000000 0.000000
0.000000 0.000000 0.000000 0.000000 0.000000
0.000000 0.000000 0.000000 0.000000 0.000000
0.000000 0.000000 0.000000 0.000000 0.000000
0.000000 0.000000 0.000000 0.000000 0.000000
0.000000 0.000000 0.000000 0.000000 0.000000
0.000000 0.000000 0.000000 0.000000 0.000000
0.000000 0.000000 0.000000 0.000000 0.000000
0.000000 0.000000 0.000000 0.000000 0.000000
0.000000 0.000000 0.000000 0.000000 0.000000
0.000000 0.000000 0.000000 0.000000 0.000000
0.000000 0.000000 0.000000 0.000000 0.000000
0.000000 0.000000 0.000000 0.000000 0.000000
0.000000 0.000000 0.000000 0.000000 0.000000
0.000000 0.000000 0.000000 0.000000 0.000000
0.000000 0.000000 0.000000 0.000000 0.000000
0.000000 0.000000 0.000000 0.000000 0.000000
0.000000 0.000000 0.000000 0.000000 0.000000
0.000000 0.000000 0.000000 0.000000 0.000000
0.000000 0.000000 0.000000 0.000000 0.000000
0.000000 0.000000 0.000000 0.000000 0.000000
0.000000 0.000000 0.000000 0.000000 0.000000
0.000000 0.000000 0.000000 0.000000 0.000000
0.000000 0.000000 0.000000 0.000000 0.000000
0.000000 0.000000 0.000000 0.000000 0.000000
0.000000 0.000000 0.000000 0.000000 0.000000
0.000000 0.000000 0.000000 0.000000 0.000000
0.000000 0.000000 0.000000 0.000000 0.000000
0.000000 0.000000 0.000000 0.000000 0.000000
0.000000 0.000000 0.000000 0.000000 0.000000
0.000000 0.000000 0.000000 0.000000 0.000000
0.000000 0.000000 0.000000 0.000000 0.000000
0.000000 0.000000 0.000000 0.000000 0.000000
0.000000 0.000000 0.000000 0.000000 0.000000
0.000000 0.000000 0.000000 0.000000 0.000000
0.000000 0.000000 0.000000 0.000000 0.000000
0.000000 0.000000 0.000000 0.000000 0.000000
0.000000 0.000000 0.000000 0.000000 0.000000
0.000000 0.000000 0.000000 0.000000 0.000000
0.000000 0.000000 0.000000 0.000000 0.000000
0.000000 0.000000 0.000000 0.000000 0.000000
0.000000 0.000000 0.000000 0.000000 0.000000
0.000000 0.000000 0.000000 0.000000 0.000000
0.000000 0.000000 0.000000 0.000000 0.000000
0.000000 0.000000 0.000000 0.000000 0.000000
0.000000 0.000000 0.000000 0.000000 0.000000
0.000000 0.000000 0.000000 0.000118 0.000000
0.000000 0.000000 0.000000 0.003080 0.000000
0.000000 0.000000 0.000000 0.006781 0.000000
0.000000 0.000000 0.000000 0.007492 0.000000
0.000000 0.000000 0.000000 0.007551 0.000000
0.000000 0.000000 0.000000 0.007492 0.000000
0.000000 0.000000 0.000000 0.006396 0.000000
0.000000 0.000000 0.000000 0.002339 0.000000
0.000059 0.000507 0.000269 0.000251 0.000000
0.000287 0.002484 0.001318 0.001231 0.000000
0.000422 0.003649 0.001937 0.001809 0.000000
0.000390 0.003371 0.001789 0.001671 0.000000
0.000477 0.004131 0.002192 0.002048 0.000000
0.000639 0.005525 0.002932 0.002739 0.000000
0.000226 0.001951 0.001036 0.000967 0.000000
0.000000 0.000000 0.000000 0.000000 0.000000
0.000000 0.000000 0.000000 0.000000 0.000000
0.000000 0.000000 0.000000 0.000000 0.000000
0.000000 0.000000 0.000000 0.000000 0.000000
0.000000 0.000000 0.000000 0.000000 0.000000
0.000000 0.000000 0.000000 0.000000 0.000000
0.000000 0.000000 0.000000 0.000000 0.000000
0.000000 0.000000 0.000000 0.000000 0.000000
0.000000 0.000000 0.000000 0.000000 0.000000
0.000000 0.000000 0.000000 0.000000 0.000000
0.000000 0.000000 0.000000 0.000000 0.000000
0.000000 0.000494 0.000000 0.000487 0.000000
0.000000 0.001200 0.000000 0.001183 0.000000
0.000000 0.000925 0.000000 0.005924 0.000000
0.000000 0.000378 0.000000 0.011136 0.000000
0.000000 0.000000 0.000000 0.019487 0.000000
0.005171 0.000000 0.000000 0.038063 0.000000
0.007740 0.000000 0.000000 0.055215 0.000000
0.009058 0.000000 0.000000 0.080908 0.000000
0.024674 0.000000 0.000000 0.079642 0.000000
0.045232 0.000000 0.000000 0.073705 0.000000
0.067883 0.000000 0.002245 0.068681 0.000000
0.092443 0.000000 0.000000 0.039360 0.000000
0.106540 0.000000 0.000000 0.015534 0.000000
0.104257 0.000000 0.000000 0.000000 0.000000
0.079696 0.001479 0.000841 0.000000 0.000000
0.045060 0.006310 0.008581 0.000000 0.000000
0.015174 0.006779 0.002503 0.000000 0.000000
0.000677 0.000699 0.000199 0.000081 0.000000
0.000000 0.000000 0.000000 0.000000 0.000000
0.000000 0.000000 0.000000 0.000000 0.000000
0.000000 0.000000 0.000000 0.000000 0.000000
0.000000 0.000000 0.000000 0.000000 0.000000
0.000000 0.000000 0.000000 0.000000 0.000000
0.000000 0.000000 0.000000 0.000000 0.000000
0.000000 0.000000 0.000000 0.000000 0.000000
0.000000 0.000000 0.000000 0.000000 0.000000
0.000000 0.000516 0.000000 0.000179 0.000017
0.000000 0.004598 0.000000 0.001407 0.000081
0.000000 0.006432 0.000000 0.003062 0.000000
0.000000 0.015154 0.000000 0.013895 0.000000
0.000000 0.012870 0.000000 0.034079 0.000000
0.000000 0.016768 0.000000 0.050253 0.001690
0.000000 0.010458 0.000000 0.090302 0.001494
0.005504 0.013541 0.000000 0.120988 0.000000
0.015960 0.013329 0.000000 0.139254 0.002835
0.037417 0.015658 0.000000 0.143440 0.007616
0.065780 0.019184 0.000000 0.143909 0.011124
0.084826 0.010799 0.000000 0.132098 0.018093
0.100001 0.000423 0.011393 0.105716 0.008987
0.114857 0.000000 0.033430 0.068046 0.003879
0.119139 0.005005 0.031836 0.040240 0.001310
0.120490 0.000000 0.043518 0.016959 0.000312
0.115251 0.005014 0.043839 0.000000 0.000000
0.094399 0.010423 0.046588 0.000000 0.000000
0.051563 0.020705 0.034816 0.000000 0.000000
0.009906 0.006033 0.009218 0.000000 0.000000
0.000000 0.000000 0.007961 0.001476 0.000000
0.000000 0.000000 0.000000 0.000000 0.000000
0.000000 0.000000 0.000000 0.000000 0.000000
0.000000 0.000000 0.000000 0.000000 0.000000
0.000000 0.000000 0.000000 0.000000 0.000000
0.000000 0.000000 0.000000 0.000000 0.000000
0.000000 0.000000 0.000000 0.000000 0.000000
0.000000 0.000000 0.000000 0.000000 0.000000
0.000000 0.009139 0.000000 0.001428 0.000000
0.000000 0.023998 0.000000 0.001202 0.000000
0.000000 0.037296 0.000000 0.008061 0.000000
0.000000 0.056352 0.000000 0.018239 0.004836
0.000000 0.077383 0.000000 0.035897 0.007743
0.000000 0.083113 0.000000 0.076673 0.008469
0.000000 0.075420 0.000000 0.105705 0.013433
0.006333 0.063877 0.000000 0.123087 0.031850
0.030317 0.058785 0.006590 0.115642 0.056341
0.055314 0.051632 0.012716 0.103715 0.069098
0.070289 0.047104 0.033876 0.084995 0.077161
0.071655 0.041071 0.046200 0.085417 0.081659
0.065760 0.047404 0.052679 0.077479 0.091214
0.053065 0.030179 0.070295 0.081367 0.083125
0.067396 0.007757 0.102863 0.047573 0.054699
0.090853 0.005740 0.102147 0.018729 0.041176
0.110371 0.000000 0.095221 0.000000 0.027689
0.098569 0.000000 0.110171 0.000000 0.007122
0.056553 0.002055 0.108562 0.000000 0.000000
0.015639 0.006673 0.062581 0.000000 0.000000
0.000000 0.002593 0.019602 0.000244 0.000000
0.000000 0.000000 0.000000 0.000000 0.000000
0.000000 0.000000 0.000000 0.000000 0.000000
0.000000 0.000000 0.000000 0.000000 0.000000
0.000000 0.000000 0.000000 0.000000 0.000000
0.000000 0.000000 0.000000 0.000000 0.000000
0.000000 0.000000 0.000000 0.000000 0.000000
0.000000 0.000000 0.000000 0.000000 0.000000
0.000000 0.046083 0.000000 0.000000 0.000000
0.000000 0.063355 0.000000 0.000000 0.000807
0.000000 0.078638 0.000000 0.000113 0.009554
0.000000 0.094602 0.000000 0.009363 0.017164
0.000000 0.115283 0.000000 0.018378 0.016438
0.000000 0.112785 0.000000 0.047918 0.029411
0.000000 0.101419 0.013610 0.060807 0.052104
0.006387 0.080737 0.023071 0.059692 0.085833
0.020849 0.075849 0.046826 0.027825 0.101310
0.038080 0.066473 0.062040 0.006799 0.110258
0.036450 0.060445 0.072891 0.003335 0.111032
0.017893 0.057529 0.083572 0.030244 0.110942
0.000000 0.038818 0.079139 0.062690 0.117717
0.000000 0.021954 0.081242 0.098882 0.104668
0.012405 0.014471 0.084536 0.089230 0.084232
0.063599 0.013876 0.085580 0.031862 0.065985
0.100922 0.006206 0.087836 0.000000 0.051854
0.094579 0.000000 0.123187 0.000000 0.032346
0.050216 0.000000 0.144073 0.000000 0.000000
0.005084 0.000000 0.114568 0.000000 0.000000
0.000000 0.000000 0.036487 0.000162 0.000000
0.000000 0.000000 0.000000 0.000000 0.000000
0.000000 0.000000 0.000000 0.000000 0.000000
0.000000 0.000000 0.000000 0.000000 0.000000
0.000000 0.000000 0.000000 0.000000 0.000000
0.000000 0.000000 0.000000 0.000000 0.000000
0.000000 0.000000 0.000000 0.000000 0.000000
0.000000 0.000000 0.000000 0.000000 0.000000
0.000000 0.041066 0.000000 0.000000 0.002504
0.000000 0.069859 0.000000 0.000000 0.008768
0.000000 0.071036 0.000000 0.000000 0.017696
0.000000 0.081808 0.000000 0.000000 0.017086
0.000000 0.076646 0.009402 0.003384 0.031545
0.000000 0.079095 0.026667 0.000000 0.051430
0.000000 0.061720 0.042732 0.004910 0.074908
0.000000 0.050146 0.063305 0.002402 0.095073
0.001034 0.035849 0.086827 0.000000 0.094495
0.000461 0.021224 0.090211 0.000000 0.093995
0.000000 0.026579 0.093744 0.000000 0.076549
0.000000 0.034426 0.083641 0.025923 0.066321
0.000000 0.036557 0.053190 0.078105 0.074218
0.000000 0.033254 0.024792 0.119640 0.084999
0.027702 0.008665 0.013875 0.097655 0.094668
0.084331 0.018215 0.024661 0.023447 0.082388
0.101547 0.011210 0.059699 0.000000 0.060763
0.084513 0.000000 0.121582 0.000000 0.030088
0.031777 0.000000 0.153855 0.000000 0.000000
0.000000 0.000000 0.115080 0.000000 0.000000
0.000000 0.000000 0.043451 0.000000 0.001518
0.000000 0.000000 0.000000 0.000000 0.000000
0.000000 0.000000 0.000000 0.000000 0.000000
0.000000 0.000000 0.000000 0.000000 0.000000
0.000000 0.000000 0.000000 0.000000 0.000000
0.000000 0.000000 0.000000 0.000000 0.000000
0.000000 0.000000 0.000000 0.000000 0.000000
0.000000 0.000000 0.000000 0.000000 0.000000
0.000000 0.029449 0.000000 0.000000 0.001824
0.000000 0.049274 0.000000 0.000000 0.005978
0.000000 0.060196 0.000000 0.000000 0.011265
0.000000 0.048929 0.004447 0.000000 0.018076
0.000000 0.048066 0.016647 0.000000 0.032281
0.000000 0.046047 0.032622 0.000000 0.043369
0.000000 0.041624 0.050766 0.000000 0.065821
0.000000 0.018793 0.071782 0.000000 0.062655
0.000000 0.003669 0.076993 0.000000 0.042424
0.000000 0.000000 0.074432 0.004332 0.026901
0.000000 0.020292 0.058020 0.018113 0.023254
0.000000 0.054841 0.020873 0.052754 0.022055
0.001536 0.062955 0.000000 0.108105 0.035932
0.039470 0.056789 0.000000 0.115805 0.073569
0.090289 0.031563 0.000000 0.060754 0.092708
0.108851 0.025528 0.009287 0.006040 0.070507
0.094862 0.013352 0.092422 0.000000 0.037857
0.055186 0.008737 0.143997 0.000000 0.003493
0.008596 0.000000 0.147075 0.000000 0.000000
0.000000 0.000000 0.095676 0.000000 0.000794
0.000000 0.000000 0.032664 0.000000 0.004579
0.000000 0.000000 0.000000 0.000000 0.000000
0.000000 0.000000 0.000000 0.000000 0.000000
0.000000 0.000000 0.000000 0.000000 0.000000
0.000000 0.000000 0.000000 0.000000 0.000000
0.000000 0.000000 0.000000 0.000000 0.000000
0.000000 0.000000 0.000000 0.000000 0.000000
0.000000 0.000000 0.000000 0.000000 0.000000
0.000000 0.026185 0.000339 0.000000 0.000000
0.000000 0.026829 0.000000 0.000000 0.000966
0.000000 0.019467 0.000000 0.000000 0.003839
0.000000 0.015388 0.000000 0.000000 0.013079
0.000000 0.008063 0.005444 0.000000 0.020927
0.000000 0.008932 0.012968 0.000000 0.021366
0.000000 0.019831 0.015780 0.000000 0.025407
0.000000 0.010819 0.039405 0.000000 0.020192
0.000000 0.012929 0.036648 0.005884 0.006439
0.000000 0.037392 0.022261 0.027613 0.000000
0.005202 0.077480 0.000000 0.058921 0.000000
0.019527 0.095259 0.000000 0.088124 0.013118
0.059456 0.078866 0.000000 0.107124 0.059049
0.092384 0.059634 0.000000 0.090696 0.087472
0.109393 0.028439 0.000000 0.042216 0.071837
0.098600 0.022715 0.067328 0.000000 0.042545
0.060793 0.005672 0.131155 0.000000 0.004800
0.015396 0.000707 0.140436 0.000000 0.000000
0.000000 0.000000 0.108442 0.000000 0.000640
0.000000 0.000000 0.058257 0.000000 0.007962
0.000000 0.000000 0.022628 0.000000 0.004132
0.000000 0.000000 0.000000 0.000000 0.000000
0.000000 0.000000 0.000000 0.000000 0.000000
0.000000 0.000000 0.000000 0.000000 0.000000
0.000000 0.000000 0.000000 0.000000 0.000000
0.000000 0.000000 0.000000 0.000000 0.000000
0.000000 0.000000 0.000000 0.000000 0.000000
0.000000 0.000000 0.000000 0.000000 0.000000
0.000000 0.004707 0.001000 0.000000 0.000000
0.000000 0.004390 0.000932 0.000000 0.000000
0.000000 0.000000 0.000000 0.000000 0.000086
0.000000 0.000000 0.000000 0.000000 0.003236
0.000000 0.000000 0.000040 0.000000 0.003346
0.000000 0.006082 0.004849 0.005540 0.000000
0.000000 0.029741 0.006422 0.003591 0.000000
0.004059 0.047918 0.011862 0.009224 0.000000
0.017690 0.073668 0.004409 0.027158 0.000000
0.035020 0.107593 0.000000 0.050674 0.000000
0.054345 0.123651 0.000000 0.077303 0.017946
0.082089 0.105198 0.000000 0.093536 0.064468
0.100520 0.068847 0.000000 0.097456 0.081341
0.102811 0.025343 0.015239 0.072542 0.068517
0.087791 0.000000 0.085668 0.037256 0.042124
0.041496 0.000000 0.149718 0.023636 0.006783
0.009599 0.000000 0.156280 0.012170 0.000000
0.000000 0.000000 0.110186 0.006752 0.000000
0.000000 0.000000 0.060000 0.000000 0.006072
0.000000 0.000000 0.039029 0.000000 0.008529
0.000000 0.000000 0.013055 0.000000 0.002083
0.000000 0.000000 0.000000 0.000000 0.000000
0.000000 0.000000 0.000000 0.000000 0.000000
0.000000 0.000000 0.000000 0.000000 0.000000
0.000000 0.000000 0.000000 0.000000 0.000000
0.000000 0.000000 0.000000 0.000000 0.000000
0.000000 0.000000 0.000000 0.000000 0.000000
0.000000 0.000000 0.000000 0.000000 0.000000
0.000000 0.000000 0.000000 0.000000 0.000000
0.000000 0.000000 0.000000 0.000000 0.000000
0.000000 0.000000 0.000000 0.000000 0.000000
0.000000 0.001019 0.000653 0.000114 0.000000
0.002140 0.002865 0.001518 0.000000 0.000000
0.004828 0.029384 0.003002 0.000000 0.000000
0.021315 0.061103 0.001405 0.000000 0.000000
0.045770 0.101460 0.000000 0.018225 0.000000
0.067779 0.137127 0.000000 0.046509 0.011049
0.087316 0.141524 0.000000 0.055620 0.034513
0.105367 0.121021 0.000000 0.066594 0.069004
0.108948 0.087152 0.000000 0.074080 0.085664
0.103164 0.061293 0.031452 0.075556 0.082635
0.089187 0.033867 0.085357 0.061869 0.048835
0.050097 0.026538 0.140984 0.052533 0.005124
0.011960 0.003960 0.158371 0.042824 0.000000
0.000000 0.007087 0.124067 0.023085 0.000000
0.000000 0.000000 0.078330 0.010868 0.000000
0.000000 0.000000 0.043474 0.005405 0.000637
0.000000 0.000000 0.021652 0.000123 0.003292
0.000000 0.000000 0.001675 0.000000 0.000564
0.000000 0.000000 0.000000 0.000000 0.000000
0.000000 0.000000 0.000000 0.000000 0.000000
0.000000 0.000000 0.000000 0.000000 0.000000
0.000000 0.000000 0.000000 0.000000 0.000000
0.000000 0.000000 0.000000 0.000000 0.000000
0.000000 0.000000 0.000000 0.000000 0.000000
0.000000 0.000000 0.000000 0.000000 0.000000
0.000000 0.000000 0.000000 0.000000 0.000000
0.000000 0.000000 0.000000 0.000000 0.000000
0.000000 0.000878 0.000563 0.000098 0.000000
0.000006 0.010543 0.005499 0.001106 0.000000
0.005469 0.026206 0.008802 0.000000 0.000000
0.020217 0.056468 0.003566 0.000000 0.000000
0.043222 0.075554 0.000000 0.000000 0.005546
0.077342 0.100691 0.000000 0.008692 0.038735
0.083209 0.112150 0.000000 0.037019 0.062483
0.093606 0.087801 0.013108 0.049461 0.088758
0.099739 0.054601 0.037958 0.052755 0.095537
0.095741 0.060861 0.047112 0.054435 0.102384
0.097692 0.096897 0.066572 0.039042 0.079729
0.089873 0.092844 0.071003 0.042602 0.066332
0.060702 0.105929 0.098548 0.042007 0.022943
0.020606 0.106083 0.106504 0.042719 0.000000
0.000000 0.091412 0.091179 0.033738 0.000000
0.000000 0.055954 0.067107 0.013973 0.000000
0.000000 0.005030 0.028905 0.007869 0.000000
0.000000 0.000000 0.012242 0.006420 0.000000
0.000000 0.000000 0.001683 0.002929 0.000000
0.000000 0.000000 0.000000 0.000000 0.000000
0.000000 0.000000 0.000000 0.000000 0.000000
0.000000 0.000000 0.000000 0.000000 0.000000
0.000000 0.000000 0.000000 0.000000 0.000000
0.000000 0.000000 0.000000 0.000000 0.000000
0.000000 0.000000 0.000000 0.000000 0.000000
0.000000 0.000000 0.000000 0.000000 0.000000
0.000000 0.000000 0.000000 0.000000 0.000000
0.000000 0.000000 0.000000 0.000000 0.000000
0.000000 0.000878 0.000563 0.000098 0.000000
0.001191 0.015963 0.006094 0.000099 0.000000
0.006804 0.037052 0.009132 0.000000 0.000000
0.022730 0.060457 0.008508 0.000000 0.015825
0.043457 0.068766 0.006307 0.000000 0.048003
0.051894 0.069448 0.012788 0.000000 0.081982
0.051357 0.072572 0.040237 0.001061 0.108285
0.048911 0.048828 0.070226 0.023818 0.121190
0.049913 0.046127 0.074877 0.027279 0.120830
0.054280 0.049497 0.074899 0.027485 0.112777
0.064149 0.054810 0.054968 0.034005 0.116976
0.085584 0.079361 0.028652 0.033679 0.103972
0.080716 0.113836 0.027958 0.045010 0.070299
0.046617 0.141933 0.066412 0.063807 0.011641
0.005976 0.158719 0.073211 0.045194 0.000000
0.000000 0.122192 0.047932 0.017624 0.000000
0.000000 0.057997 0.024879 0.008279 0.000000
0.000000 0.010616 0.009022 0.006662 0.000000
0.000000 0.000000 0.003291 0.006331 0.000000
0.000000 0.000000 0.000542 0.000944 0.000000
0.000000 0.000000 0.000000 0.000000 0.000000
0.000000 0.000000 0.000000 0.000000 0.000000
0.000000 0.000000 0.000000 0.000000 0.000000
0.000000 0.000000 0.000000 0.000000 0.000000
0.000000 0.000000 0.000000 0.000000 0.000000
0.000000 0.000000 0.000000 0.000000 0.000000
0.000000 0.000000 0.000000 0.000000 0.000000
0.000000 0.000000 0.000000 0.000000 0.000000
0.000000 0.000000 0.000000 0.000000 0.000000
0.001532 0.008827 0.002099 0.000000 0.000923
0.003842 0.038856 0.005557 0.000000 0.014820
0.003924 0.036351 0.007437 0.000000 0.052066
0.011485 0.039155 0.019430 0.000000 0.077126
0.014656 0.041372 0.028141 0.000000 0.088289
0.006680 0.037491 0.044632 0.000000 0.104165
0.001074 0.008777 0.063414 0.000000 0.121077
0.000000 0.000000 0.059374 0.008563 0.115448
0.000153 0.000000 0.054183 0.010289 0.106236
0.018070 0.000750 0.037463 0.013709 0.112657
0.070532 0.011248 0.007163 0.019253 0.118048
0.091744 0.022082 0.000000 0.038976 0.108832
0.068491 0.069087 0.040927 0.066424 0.046423
0.014733 0.151763 0.062464 0.071739 0.000000
0.000000 0.161666 0.031059 0.035388 0.000000
0.000000 0.127562 0.009612 0.000000 0.000000
0.000000 0.042378 0.012527 0.007428 0.000000
0.000000 0.002532 0.004998 0.007459 0.000000
0.000000 0.000000 0.004057 0.007061 0.000000
0.000000 0.000000 0.000000 0.000000 0.000000
0.000000 0.000000 0.000000 0.000000 0.000000
0.000000 0.000000 0.000000 0.000000 0.000000
0.000000 0.000000 0.000000 0.000000 0.000000
0.000000 0.000000 0.000000 0.000000 0.000000
0.000000 0.000000 0.000000 0.000000 0.000000
0.000000 0.000000 0.000000 0.000000 0.000000
0.000000 0.000270 0.000692 0.000207 0.000000
0.000000 0.001183 0.007282 0.003977 0.000000
0.000000 0.001991 0.011483 0.009091 0.000000
0.000000 0.004215 0.010481 0.000000 0.018604
0.000021 0.008104 0.006027 0.000000 0.051537
0.000000 0.008352 0.010200 0.000000 0.060834
0.000000 0.001039 0.023353 0.000000 0.058738
0.000000 0.000000 0.023877 0.000000 0.053068
0.000000 0.000000 0.029512 0.000000 0.043266
0.000000 0.000000 0.019152 0.000000 0.049724
0.000000 0.000000 0.013711 0.000000 0.061116
0.012855 0.000000 0.018381 0.000000 0.082185
0.070247 0.000000 0.000421 0.000000 0.105894
0.098972 0.000000 0.015289 0.027026 0.114834
0.076909 0.000000 0.033526 0.080049 0.066545
0.018374 0.077957 0.055192 0.092708 0.002706
0.000000 0.154660 0.022552 0.060337 0.000000
0.000000 0.149840 0.005078 0.000234 0.000000
0.000000 0.074592 0.008440 0.001923 0.000000
0.000000 0.008121 0.006866 0.009284 0.000000
0.000000 0.000000 0.004730 0.008232 0.000000
0.000000 0.000000 0.000000 0.000000 0.000000
0.000000 0.000000 0.000000 0.000000 0.000000
0.000000 0.000000 0.000000 0.000000 0.000000
0.000000 0.000000 0.000000 0.000000 0.000000
0.000000 0.000000 0.000000 0.000000 0.000000
0.000000 0.000000 0.000000 0.000000 0.000000
0.002088 0.000000 0.001356 0.000155 0.000000
0.007216 0.006835 0.017189 0.006859 0.000000
0.004724 0.004852 0.031506 0.018295 0.000000
0.000000 0.002215 0.019792 0.019994 0.000000
0.000000 0.000000 0.015995 0.023031 0.001606
0.000000 0.000000 0.013182 0.012856 0.018268
0.000000 0.000000 0.015448 0.009018 0.017210
0.000000 0.000000 0.012812 0.010049 0.003435
0.000000 0.016542 0.008910 0.006994 0.000000
0.000000 0.004455 0.006664 0.006089 0.000000
0.000000 0.008175 0.001882 0.001446 0.003295
0.003101 0.015605 0.000000 0.000000 0.012782
0.034409 0.000000 0.005313 0.000000 0.048845
0.088592 0.000000 0.009816 0.000000 0.077855
0.106858 0.000000 0.029467 0.014690 0.101886
0.074871 0.000000 0.035400 0.081794 0.083994
0.010057 0.030735 0.044025 0.125307 0.014257
0.000000 0.116252 0.022321 0.077272 0.000000
0.000000 0.161754 0.000000 0.005959 0.000000
0.000000 0.107235 0.005430 0.000000 0.000000
0.000000 0.020624 0.006442 0.007203 0.000000
0.000000 0.000000 0.004730 0.008232 0.000000
0.000000 0.000000 0.000000 0.000000 0.000000
0.000000 0.000000 0.000000 0.000000 0.000000
0.000000 0.000000 0.000000 0.000000 0.000000
0.000000 0.000000 0.000000 0.000000 0.000000
0.000000 0.000000 0.000000 0.000000 0.000000
0.000000 0.000000 0.000000 0.000000 0.000000
0.008558 0.000000 0.008590 0.003381 0.000000
0.019345 0.005464 0.026884 0.008730 0.000000
0.026001 0.000412 0.036656 0.016272 0.000000
0.009290 0.005469 0.017988 0.026148 0.000000
0.003171 0.001607 0.007831 0.037153 0.000000
0.000000 0.001266 0.003640 0.020681 0.000000
0.000000 0.003379 0.005161 0.013984 0.000000
0.000000 0.013230 0.005326 0.018026 0.000000
0.000000 0.033409 0.006481 0.007495 0.000000
0.000000 0.027301 0.007922 0.000000 0.000000
0.001794 0.027445 0.007780 0.000000 0.000000
0.019404 0.026197 0.023345 0.000000 0.000000
0.069532 0.002791 0.028369 0.000000 0.014768
0.108139 0.000000 0.031375 0.000000 0.074053
0.106502 0.000000 0.034423 0.028596 0.094153
0.053217 0.000000 0.036006 0.106583 0.070078
0.000000 0.027004 0.041489 0.139088 0.014321
0.000000 0.115965 0.020364 0.071790 0.000000
0.000000 0.166622 0.000000 0.002057 0.000000
0.000000 0.111755 0.005529 0.000000 0.000000
0.000000 0.018236 0.004546 0.006261 0.000000
0.000000 0.000000 0.004730 0.008232 0.000000
0.000000 0.000000 0.000000 0.000000 0.000000
0.000000 0.000000 0.000000 0.000000 0.000000
0.000000 0.000000 0.000000 0.000000 0.000000
0.000000 0.000000 0.000000 0.000000 0.000000
0.000000 0.000000 0.000000 0.000000 0.000000
0.001025 0.000104 0.000000 0.000000 0.000000
0.015882 0.000000 0.011800 0.007261 0.000000
0.052386 0.000000 0.033998 0.008570 0.000000
0.061854 0.000000 0.052748 0.024344 0.000000
0.045034 0.000000 0.031986 0.039558 0.000000
0.014938 0.009597 0.016551 0.047323 0.000000
0.000000 0.011181 0.017520 0.039543 0.000000
0.000000 0.020708 0.012022 0.023744 0.000000
0.000000 0.032390 0.011132 0.015395 0.000000
0.000111 0.033961 0.017682 0.001320 0.000000
0.006353 0.040202 0.024154 0.000000 0.000000
0.022077 0.054225 0.036620 0.000000 0.000000
0.064041 0.057130 0.042254 0.000000 0.000000
0.100811 0.027598 0.049736 0.000000 0.018789
0.111196 0.000000 0.049202 0.012004 0.069701
0.085024 0.000000 0.043129 0.065630 0.082687
0.018958 0.002876 0.047451 0.130466 0.043773
0.000000 0.084392 0.030538 0.125994 0.009407
0.000000 0.149706 0.008383 0.049706 0.000000
0.000000 0.155731 0.000000 0.005792 0.000000
0.000000 0.079260 0.004421 0.001387 0.000000
0.000000 0.011952 0.002877 0.005185 0.000000
0.000000 0.000000 0.004730 0.008232 0.000000
0.000000 0.000000 0.000000 0.000000 0.000000
0.000000 0.000000 0.000000 0.000000 0.000000
0.000000 0.000000 0.000000 0.000000 0.000000
0.000000 0.000000 0.000000 0.000000 0.000000
0.000000 0.000000 0.000000 0.000000 0.000000
0.003472 0.000216 0.000000 0.000000 0.000000
0.023852 0.000000 0.010001 0.004566 0.000000
0.066429 0.000000 0.047605 0.011386 0.000000
0.088236 0.000000 0.075232 0.021724 0.000000
0.081907 0.000000 0.066728 0.044038 0.000000
0.046640 0.000000 0.043515 0.063390 0.000000
0.010930 0.011199 0.024439 0.073108 0.000000
0.000000 0.030228 0.019703 0.064642 0.000000
0.002368 0.037109 0.022367 0.042385 0.000000
0.015569 0.039529 0.033934 0.024265 0.000000
0.040497 0.050536 0.051469 0.008737 0.000000
0.076135 0.064052 0.061407 0.000000 0.000000
0.104752 0.054902 0.074471 0.002139 0.000000
0.110534 0.023439 0.073850 0.015818 0.041262
0.089924 0.000000 0.050192 0.057381 0.083334
0.036768 0.007433 0.046655 0.110553 0.068610
0.000000 0.073751 0.031957 0.134278 0.033119
0.000000 0.130561 0.014397 0.088286 0.001844
0.000000 0.141094 0.002255 0.033924 0.000624
0.000000 0.101884 0.000000 0.008216 0.000000
0.000000 0.045670 0.001135 0.003359 0.000000
0.000000 0.010752 0.002409 0.004645 0.000000
0.000000 0.000000 0.003103 0.005402 0.000000
0.000000 0.000000 0.000000 0.000000 0.000000
0.000000 0.000000 0.000000 0.000000 0.000000
0.000000 0.000000 0.000000 0.000000 0.000000
0.000000 0.000000 0.000000 0.000000 0.000000
0.000000 0.000000 0.000000 0.000000 0.000000
0.007573 0.000123 0.000000 0.000000 0.000364
0.021807 0.004778 0.013280 0.001391 0.000000
0.054532 0.000000 0.060548 0.006780 0.000000
0.089272 0.000000 0.100383 0.013829 0.000000
0.105904 0.000223 0.109156 0.033652 0.000000
0.100486 0.009874 0.094513 0.061210 0.000000
0.088606 0.022942 0.064221 0.093248 0.000000
0.079047 0.042796 0.055127 0.101678 0.000000
0.076119 0.042010 0.067425 0.090866 0.000000
0.086552 0.022593 0.087818 0.069763 0.000000
0.100383 0.009437 0.087709 0.067183 0.000000
0.102855 0.000000 0.098267 0.077151 0.000000
0.101010 0.000000 0.084127 0.081503 0.024849
0.075786 0.000000 0.058484 0.100292 0.069748
0.032153 0.011022 0.030438 0.126366 0.089077
0.000000 0.047008 0.026641 0.129662 0.061068
0.000000 0.085722 0.004480 0.088834 0.030583
0.000000 0.102350 0.000000 0.050291 0.012623
0.000000 0.071285 0.000000 0.024677 0.004574
0.000000 0.058038 0.000000 0.000000 0.000000
0.000000 0.030054 0.000298 0.000474 0.000000
0.000000 0.010960 0.000000 0.000350 0.000000
0.000000 0.000000 0.000000 0.000000 0.000000
0.000000 0.000000 0.000000 0.000000 0.000000
0.000000 0.000000 0.000000 0.000000 0.000000
0.000000 0.000000 0.000000 0.000000 0.000000
0.000000 0.000000 0.000000 0.000000 0.000000
0.000000 0.000000 0.000000 0.000000 0.000000
0.003046 0.000554 0.000000 0.000936 0.000000
0.013273 0.009726 0.015121 0.000000 0.000000
0.025013 0.011916 0.062694 0.000000 0.000000
0.053453 0.014941 0.102906 0.001014 0.000000
0.092231 0.014668 0.105642 0.003917 0.000000
0.109026 0.014577 0.105503 0.022626 0.000000
0.109089 0.028628 0.096634 0.057780 0.000000
0.103429 0.020853 0.094064 0.089472 0.000000
0.099961 0.018136 0.092313 0.099520 0.009337
0.097315 0.000000 0.092462 0.107156 0.017530
0.091506 0.000000 0.077992 0.114306 0.028166
0.080257 0.000000 0.052349 0.118744 0.060144
0.057104 0.000000 0.027544 0.128575 0.094983
0.019315 0.000000 0.008669 0.133199 0.115739
0.000000 0.018374 0.000000 0.117287 0.087190
0.000000 0.061287 0.000000 0.078422 0.055681
0.000000 0.076827 0.000000 0.043699 0.023958
0.000000 0.050775 0.000000 0.020218 0.009042
0.000000 0.043865 0.000000 0.003496 0.000669
0.000000 0.039664 0.000000 0.000000 0.000000
0.001220 0.024285 0.000000 0.000000 0.001837
0.000420 0.006221 0.000000 0.000000 0.000769
0.000000 0.000000 0.000000 0.000000 0.000000
0.000000 0.000000 0.000000 0.000000 0.000000
0.000000 0.000000 0.000000 0.000000 0.000000
0.000000 0.000000 0.000000 0.000000 0.000000
0.000000 0.000000 0.000000 0.000000 0.000000
0.000000 0.000000 0.000000 0.000000 0.000000
0.000298 0.000217 0.000000 0.000606 0.000000
0.004576 0.006188 0.008985 0.000000 0.000000
0.007792 0.012864 0.053214 0.000000 0.000000
0.015588 0.031428 0.089930 0.000000 0.000000
0.033460 0.033706 0.114672 0.000000 0.000000
0.057332 0.017778 0.125783 0.000000 0.001447
0.077786 0.012076 0.119885 0.011272 0.009384
0.086216 0.000000 0.095586 0.042599 0.039061
0.079865 0.000000 0.067314 0.073406 0.063887
0.064325 0.000000 0.037331 0.091573 0.083664
0.047371 0.000000 0.003087 0.101015 0.107767
0.019459 0.000000 0.000000 0.094899 0.126481
0.000000 0.013830 0.000000 0.079415 0.128167
0.000000 0.045174 0.000000 0.051540 0.104459
0.000000 0.067230 0.000000 0.036889 0.058474
0.000000 0.060614 0.000000 0.023173 0.024373
0.000000 0.047244 0.000000 0.005187 0.011463
0.000000 0.048711 0.000000 0.000000 0.003102
0.000174 0.042832 0.000000 0.000000 0.002399
0.000899 0.039989 0.000000 0.000000 0.002035
0.000552 0.008573 0.000000 0.000000 0.000985
0.000000 0.000000 0.000000 0.000000 0.000000
0.000000 0.000000 0.000000 0.000000 0.000000
0.000000 0.000000 0.000000 0.000000 0.000000
0.000000 0.000000 0.000000 0.000000 0.000000
0.000000 0.000000 0.000000 0.000000 0.000000
0.000000 0.000000 0.000000 0.000000 0.000000
0.000000 0.000000 0.000000 0.000000 0.000000
0.000000 0.000000 0.000000 0.000000 0.000000
0.001118 0.000000 0.009197 0.000000 0.004685
0.001686 0.000000 0.035412 0.000000 0.010769
0.001675 0.015615 0.050159 0.000000 0.019418
0.000000 0.018712 0.054557 0.000000 0.032069
0.000000 0.010894 0.056558 0.000000 0.050166
0.000000 0.007529 0.062344 0.000000 0.063452
0.000000 0.012350 0.047273 0.000000 0.084278
0.000000 0.009270 0.022641 0.000000 0.104363
0.000000 0.015239 0.000650 0.000000 0.114720
0.000000 0.041288 0.000000 0.000010 0.124027
0.000000 0.058306 0.000000 0.003047 0.107904
0.000000 0.061144 0.000000 0.004043 0.079926
0.000000 0.066123 0.000000 0.003924 0.041688
0.000000 0.061686 0.000000 0.000000 0.017382
0.000000 0.047656 0.000000 0.000000 0.004663
0.000392 0.046495 0.000000 0.000000 0.004029
0.000303 0.047353 0.000000 0.000000 0.004429
0.000745 0.038514 0.000000 0.000000 0.003105
0.001174 0.024224 0.000000 0.000000 0.001913
0.000223 0.003373 0.000000 0.000000 0.000402
0.000000 0.000000 0.000000 0.000000 0.000000
0.000000 0.000000 0.000000 0.000000 0.000000
0.000000 0.000000 0.000000 0.000000 0.000000
0.000000 0.000000 0.000000 0.000000 0.000000
0.000000 0.000000 0.000000 0.000000 0.000000
0.000000 0.000000 0.000000 0.000000 0.000000
0.000000 0.000000 0.000000 0.000000 0.000000
0.000000 0.000000 0.000000 0.000000 0.000000
0.000000 0.000000 0.001238 0.000000 0.000258
0.000000 0.000000 0.011695 0.000000 0.003877
0.000000 0.000000 0.011267 0.000000 0.008098
0.000000 0.000000 0.012036 0.000000 0.014094
0.000000 0.000000 0.008480 0.000000 0.024064
0.000488 0.000000 0.000000 0.000000 0.037236
0.000985 0.000000 0.000000 0.000000 0.043274
0.000000 0.002533 0.000000 0.000000 0.042279
0.000286 0.000533 0.000000 0.000000 0.042070
0.000000 0.000000 0.000000 0.000000 0.037206
0.000000 0.000000 0.000000 0.000000 0.022982
0.000000 0.001304 0.000000 0.000000 0.004406
0.000000 0.000356 0.000000 0.000000 0.000000
0.000000 0.000356 0.000000 0.000000 0.000000
0.000000 0.003626 0.000000 0.000000 0.000000
0.000000 0.014674 0.000000 0.000000 0.000740
0.000000 0.006232 0.000419 0.000000 0.001294
0.000000 0.001018 0.000066 0.000000 0.000206
0.000000 0.000000 0.000000 0.000000 0.000000
0.000000 0.000000 0.000000 0.000000 0.000000
0.000000 0.000000 0.000000 0.000000 0.000000
0.000000 0.000000 0.000000 0.000000 0.000000
0.000000 0.000000 0.000000 0.000000 0.000000
0.000000 0.000000 0.000000 0.000000 0.000000
0.000000 0.000000 0.000000 0.000000 0.000000
0.000000 0.000000 0.000000 0.000000 0.000000
0.000000 0.000000 0.000000 0.000000 0.000000
0.000000 0.000000 0.000000 0.000000 0.000000
0.000000 0.000000 0.000000 0.000000 0.000000
0.000000 0.000000 0.000000 0.000000 0.000000
0.000000 0.000000 0.000000 0.000000 0.000000
0.000000 0.000000 0.000000 0.000000 0.000000
0.000000 0.000000 0.000000 0.000000 0.000000
0.000000 0.000000 0.000000 0.000000 0.000000
0.000000 0.000000 0.000000 0.000000 0.000000
0.000000 0.000000 0.000000 0.000000 0.000000
0.000000 0.000000 0.000000 0.000000 0.000000
0.000000 0.000000 0.000000 0.000000 0.000000
0.000000 0.000000 0.000000 0.000000 0.000000
0.000000 0.000000 0.000000 0.000000 0.000000
0.000000 0.000000 0.000000 0.000000 0.000000
0.000000 0.000000 0.000000 0.000000 0.000000
0.000000 0.000000 0.000000 0.000000 0.000000
0.000000 0.000000 0.000000 0.000000 0.000000
0.000000 0.000000 0.000000 0.000000 0.000000
0.000000 0.000000 0.000000 0.000000 0.000000
0.000000 0.000000 0.000000 0.000000 0.000000
0.000000 0.000000 0.000000 0.000000 0.000000
0.000000 0.000000 0.000000 0.000000 0.000000
0.000000 0.000000 0.000000 0.000000 0.000000
0.000000 0.000000 0.000000 0.000000 0.000000
0.000000 0.000000 0.000000 0.000000 0.000000
0.000000 0.000000 0.000000 0.000000 0.000000
0.000000 0.000000 0.000000 0.000000 0.000000
0.000000 0.000000 0.000000 0.000000 0.000000
0.000000 0.000000 0.000000 0.000000 0.000000
0.000000 0.000000 0.000000 0.000000 0.000000
0.000000 0.000000 0.000000 0.000000 0.000000
0.000000 0.000000 0.000000 0.000000 0.000000
0.000000 0.000000 0.000000 0.000000 0.000000
0.000000 0.000000 0.000000 0.000000 0.000000
0.000000 0.000000 0.000000 0.000000 0.000000
0.000000 0.000000 0.000000 0.000000 0.000000
0.000000 0.000000 0.000000 0.000000 0.000000
0.000000 0.000000 0.000000 0.000000 0.000000
0.000000 0.000000 0.000000 0.000000 0.000000
0.000000 0.000000 0.000000 0.000000 0.000000
0.000000 0.000000 0.000000 0.000000 0.000000
0.000000 0.000000 0.000000 0.000000 0.000000
0.000000 0.000000 0.000000 0.000000 0.000000
0.000000 0.000000 0.000000 0.000000 0.000000
0.000000 0.000000 0.000000 0.000000 0.000000
0.000000 0.000000 0.000000 0.000000 0.000000
0.000000 0.000000 0.000000 0.000000 0.000000
0.000000 0.000000 0.000000 0.000000 0.000000
0.000000 0.000000 0.000000 0.000000 0.000000
0.000000 0.000000 0.000000 0.000000 0.000000
0.000000 0.000000 0.000000 0.000000 0.000000
0.000000 0.000000 0.000000 0.000000 0.000000
0.000000 0.000000 0.000000 0.000000 0.000000
0.000000 0.000000 0.000000 0.000000 0.000000
